[DEFAULT]
interv_d = 604800
interv_h = 43200
interv_m = 14400
fctnmt = cloud

[UPDATES]
last_update_d = 2025-11-13 12:11:08.361166
last_update_h = 2025-11-13 12:22:24.563404
last_update_m = 2025-11-13 12:45:01.430985
last_update_v = 2023-10-25 16:52:16.653504

