[DEFAULT]
interv_d = 604800
interv_h = 43200
interv_m = 14400
fctnmt = cloud

[UPDATES]
last_update_d = 2026-06-24 20:10:55.059288
last_update_h = 2026-06-24 20:21:49.764637
last_update_m = 2026-06-24 20:43:52.639430
last_update_v = 2023-10-25 16:52:16.653504

