[DEFAULT]
interv_d = 604800
interv_h = 43200
interv_m = 14400
fctnmt = cloud

[UPDATES]
last_update_d = 2025-08-01 16:10:44.778334
last_update_h = 2025-08-01 16:21:37.642373
last_update_m = 2025-08-01 12:44:02.381256
last_update_v = 2023-10-25 16:52:16.653504

