[DEFAULT]
interv_d = 604800
interv_h = 43200
interv_m = 14400
fctnmt = cloud

[UPDATES]
last_update_d = 2023-11-13 20:44:47.436301
last_update_h = 2023-11-19 21:31:44.560413
last_update_m = 2023-11-20 05:27:18.163496
last_update_v = 2023-11-19 08:35:35.443918

