[DEFAULT]
interv_d = 604800
interv_h = 43200
interv_m = 14400
fctnmt = cloud

[UPDATES]
last_update_d = 2026-05-07 20:10:54.253091
last_update_h = 2026-05-07 20:21:53.027952
last_update_m = 2026-05-07 16:43:58.026018
last_update_v = 2023-10-25 16:52:16.653504

