[DEFAULT]
interv_d = 604800
interv_h = 43200
interv_m = 14400
fctnmt = cloud

[UPDATES]
last_update_d = 2024-02-27 00:09:55.555090
last_update_h = 2024-02-27 00:21:06.244133
last_update_m = 2024-02-26 20:42:05.643584
last_update_v = 2023-10-25 16:52:16.653504

