[DEFAULT]
interv_d = 604800
interv_h = 43200
interv_m = 14400
fctnmt = cloud

[UPDATES]
last_update_d = 2024-12-19 08:10:36.996460
last_update_h = 2024-12-19 08:21:40.764781
last_update_m = 2024-12-19 08:43:43.868861
last_update_v = 2023-10-25 16:52:16.653504

