[DEFAULT]
interv_d = 604800
interv_h = 43200
interv_m = 14400
fctnmt = cloud

[UPDATES]
last_update_d = 2025-10-02 00:11:06.444145
last_update_h = 2025-10-02 00:22:29.738234
last_update_m = 2025-10-01 20:45:14.773281
last_update_v = 2023-10-25 16:52:16.653504

