[DEFAULT]
interv_d = 604800
interv_h = 43200
interv_m = 14400
fctnmt = cloud

[UPDATES]
last_update_d = 2025-08-19 20:11:05.556609
last_update_h = 2025-08-19 20:22:21.057877
last_update_m = 2025-08-19 20:44:58.653853
last_update_v = 2023-10-25 16:52:16.653504

