[DEFAULT]
interv_d = 604800
interv_h = 43200
interv_m = 14400
fctnmt = cloud

[UPDATES]
last_update_d = 2024-08-31 08:10:48.446343
last_update_h = 2024-08-31 08:22:06.369725
last_update_m = 2024-08-31 08:44:44.143600
last_update_v = 2023-10-25 16:52:16.653504

