[DEFAULT]
interv_d = 604800
interv_h = 43200
interv_m = 14400
fctnmt = cloud

[UPDATES]
last_update_d = 2026-07-12 04:11:08.345235
last_update_h = 2026-07-12 04:22:12.860382
last_update_m = 2026-07-12 04:44:27.748738
last_update_v = 2023-10-25 16:52:16.653504

