[DEFAULT]
interv_d = 604800
interv_h = 43200
interv_m = 14400
fctnmt = cloud

[UPDATES]
last_update_d = 2024-05-01 16:10:17.257799
last_update_h = 2024-05-01 16:21:20.127251
last_update_m = 2024-05-01 12:43:39.768800
last_update_v = 2023-10-25 16:52:16.653504

