[DEFAULT]
interv_d = 604800
interv_h = 43200
interv_m = 14400
fctnmt = cloud

[UPDATES]
last_update_d = 2026-02-24 12:10:49.629940
last_update_h = 2026-02-24 12:21:48.868211
last_update_m = 2026-02-24 08:43:55.955300
last_update_v = 2023-10-25 16:52:16.653504

