[DEFAULT]
interv_d = 604800
interv_h = 43200
interv_m = 14400
fctnmt = cloud

[UPDATES]
last_update_d = 2024-02-29 04:09:55.955042
last_update_h = 2024-02-29 04:20:42.050748
last_update_m = 2024-02-29 04:42:31.526727
last_update_v = 2023-10-25 16:52:16.653504

