[DEFAULT]
interv_d = 604800
interv_h = 43200
interv_m = 14400
fctnmt = cloud

[UPDATES]
last_update_d = 2024-01-14 08:09:44.434071
last_update_h = 2024-01-14 08:20:07.258772
last_update_m = 2024-01-14 04:41:11.337940
last_update_v = 2023-10-25 16:52:16.653504

