[DEFAULT]
interv_d = 604800
interv_h = 43200
interv_m = 14400
fctnmt = cloud

[UPDATES]
last_update_d = 2026-03-01 00:11:02.235001
last_update_h = 2026-03-01 00:22:39.833169
last_update_m = 2026-03-01 00:45:00.652959
last_update_v = 2023-10-25 16:52:16.653504

