[DEFAULT]
interv_d = 604800
interv_h = 43200
interv_m = 14400
fctnmt = cloud

[UPDATES]
last_update_d = 2025-04-17 20:10:43.474888
last_update_h = 2025-04-17 20:21:52.808420
last_update_m = 2025-04-17 16:43:58.691140
last_update_v = 2023-10-25 16:52:16.653504

