[DEFAULT]
interv_d = 604800
interv_h = 43200
interv_m = 14400
fctnmt = cloud

[UPDATES]
last_update_d = 2024-12-19 12:10:43.292437
last_update_h = 2024-12-19 12:21:45.684166
last_update_m = 2024-12-19 12:43:54.203577
last_update_v = 2023-10-25 16:52:16.653504

