[DEFAULT]
interv_d = 604800
interv_h = 43200
interv_m = 14400
fctnmt = cloud

[UPDATES]
last_update_d = 2024-05-06 20:10:16.640440
last_update_h = 2024-05-06 20:21:23.645332
last_update_m = 2024-05-06 20:43:35.365142
last_update_v = 2023-10-25 16:52:16.653504

