[DEFAULT]
interv_d = 604800
interv_h = 43200
interv_m = 14400
fctnmt = cloud

[UPDATES]
last_update_d = 2025-12-20 00:11:14.357123
last_update_h = 2025-12-20 00:22:41.052750
last_update_m = 2025-12-19 20:44:10.171167
last_update_v = 2023-10-25 16:52:16.653504

