[DEFAULT]
interv_d = 604800
interv_h = 43200
interv_m = 14400
fctnmt = cloud

[UPDATES]
last_update_d = 2025-11-11 16:11:25.540668
last_update_h = 2025-11-11 16:22:51.156684
last_update_m = 2025-11-11 12:45:53.141746
last_update_v = 2023-10-25 16:52:16.653504

