[DEFAULT]
interv_d = 604800
interv_h = 43200
interv_m = 14400
fctnmt = cloud

[UPDATES]
last_update_d = 2026-05-03 16:10:47.514686
last_update_h = 2026-05-03 16:21:45.737453
last_update_m = 2026-05-03 16:43:58.755932
last_update_v = 2023-10-25 16:52:16.653504

