[DEFAULT]
interv_d = 604800
interv_h = 43200
interv_m = 14400
fctnmt = cloud

[UPDATES]
last_update_d = 2025-10-26 16:11:06.882802
last_update_h = 2025-10-26 16:22:11.845836
last_update_m = 2025-10-26 12:43:44.269549
last_update_v = 2023-10-25 16:52:16.653504

