[DEFAULT]
interv_d = 604800
interv_h = 43200
interv_m = 14400
fctnmt = cloud

[UPDATES]
last_update_d = 2025-05-07 16:10:37.651817
last_update_h = 2025-05-07 16:21:36.279467
last_update_m = 2025-05-07 12:43:41.666765
last_update_v = 2023-10-25 16:52:16.653504

