[DEFAULT]
interv_d = 604800
interv_h = 43200
interv_m = 14400
fctnmt = cloud

[UPDATES]
last_update_d = 2024-02-01 00:09:51.437760
last_update_h = 2024-02-01 00:20:22.841703
last_update_m = 2024-01-31 20:41:42.661439
last_update_v = 2023-10-25 16:52:16.653504

