[DEFAULT]
interv_d = 604800
interv_h = 43200
interv_m = 14400
fctnmt = cloud

[UPDATES]
last_update_d = 2024-10-22 20:10:10.560828
last_update_h = 2024-10-22 20:20:35.157419
last_update_m = 2024-10-22 16:41:12.978632
last_update_v = 2023-10-25 16:52:16.653504

