[DEFAULT]
interv_d = 604800
interv_h = 43200
interv_m = 14400
fctnmt = cloud

[UPDATES]
last_update_d = 2024-02-19 04:09:53.115658
last_update_h = 2024-02-19 04:20:36.339016
last_update_m = 2024-02-19 00:42:13.266881
last_update_v = 2023-10-25 16:52:16.653504

