[DEFAULT]
interv_d = 604800
interv_h = 43200
interv_m = 14400
fctnmt = cloud

[UPDATES]
last_update_d = 2026-01-30 16:10:56.288247
last_update_h = 2026-01-30 16:22:00.356986
last_update_m = 2026-01-30 12:44:02.171505
last_update_v = 2023-10-25 16:52:16.653504

