[DEFAULT]
interv_d = 604800
interv_h = 43200
interv_m = 14400
fctnmt = cloud

[UPDATES]
last_update_d = 2025-08-04 04:10:56.566140
last_update_h = 2025-08-04 04:22:06.861567
last_update_m = 2025-08-04 00:43:51.553735
last_update_v = 2023-10-25 16:52:16.653504

