[DEFAULT]
interv_d = 604800
interv_h = 43200
interv_m = 14400
fctnmt = cloud

[UPDATES]
last_update_d = 2026-07-03 20:11:11.843293
last_update_h = 2026-07-03 20:22:25.849750
last_update_m = 2026-07-03 16:44:24.865031
last_update_v = 2023-10-25 16:52:16.653504

