[DEFAULT]
interv_d = 604800
interv_h = 43200
interv_m = 14400
fctnmt = cloud

[UPDATES]
last_update_d = 2025-12-02 12:11:02.952721
last_update_h = 2025-12-02 12:22:11.806853
last_update_m = 2025-12-02 08:44:33.979981
last_update_v = 2023-10-25 16:52:16.653504

