[DEFAULT]
interv_d = 604800
interv_h = 43200
interv_m = 14400
fctnmt = cloud

[UPDATES]
last_update_d = 2025-03-24 08:10:57.698266
last_update_h = 2025-03-24 08:22:08.988820
last_update_m = 2025-03-24 08:44:33.084395
last_update_v = 2023-10-25 16:52:16.653504

