[DEFAULT]
interv_d = 604800
interv_h = 43200
interv_m = 14400
fctnmt = cloud

[UPDATES]
last_update_d = 2024-12-13 20:10:40.868358
last_update_h = 2024-12-13 20:21:38.605667
last_update_m = 2024-12-13 16:43:41.389647
last_update_v = 2023-10-25 16:52:16.653504

