[DEFAULT]
interv_d = 604800
interv_h = 43200
interv_m = 14400
fctnmt = cloud

[UPDATES]
last_update_d = 2025-02-22 08:10:49.599785
last_update_h = 2025-02-22 08:22:18.998560
last_update_m = 2025-02-22 04:45:37.258542
last_update_v = 2023-10-25 16:52:16.653504

