[DEFAULT]
interv_d = 604800
interv_h = 43200
interv_m = 14400
fctnmt = cloud

[UPDATES]
last_update_d = 2024-10-05 00:10:15.068920
last_update_h = 2024-10-05 00:20:52.899092
last_update_m = 2024-10-05 00:42:03.659173
last_update_v = 2023-10-25 16:52:16.653504

