[DEFAULT]
interv_d = 604800
interv_h = 43200
interv_m = 14400
fctnmt = cloud

[UPDATES]
last_update_d = 2024-02-13 08:09:52.546594
last_update_h = 2024-02-13 08:20:35.542363
last_update_m = 2024-02-13 08:42:16.333885
last_update_v = 2023-10-25 16:52:16.653504

