[DEFAULT]
interv_d = 604800
interv_h = 43200
interv_m = 14400
fctnmt = cloud

[UPDATES]
last_update_d = 2024-08-13 12:10:34.636285
last_update_h = 2024-08-13 12:21:45.825670
last_update_m = 2024-08-13 08:44:25.320327
last_update_v = 2023-10-25 16:52:16.653504

