[DEFAULT]
interv_d = 604800
interv_h = 43200
interv_m = 14400
fctnmt = cloud

[UPDATES]
last_update_d = 2026-02-26 16:11:01.041707
last_update_h = 2026-02-26 16:22:22.448587
last_update_m = 2026-02-26 12:43:59.670632
last_update_v = 2023-10-25 16:52:16.653504

