[DEFAULT]
interv_d = 604800
interv_h = 43200
interv_m = 14400
fctnmt = cloud

[UPDATES]
last_update_d = 2024-03-16 12:10:13.849145
last_update_h = 2024-03-16 12:21:27.320895
last_update_m = 2024-03-16 12:43:46.353641
last_update_v = 2023-10-25 16:52:16.653504

