[DEFAULT]
interv_d = 604800
interv_h = 43200
interv_m = 14400
fctnmt = cloud

[UPDATES]
last_update_d = 2024-07-25 04:10:13.730666
last_update_h = 2024-07-25 04:20:50.633766
last_update_m = 2024-07-25 00:43:02.923777
last_update_v = 2023-10-25 16:52:16.653504

