[DEFAULT]
interv_d = 604800
interv_h = 43200
interv_m = 14400
fctnmt = cloud

[UPDATES]
last_update_d = 2024-09-20 04:10:26.656953
last_update_h = 2024-09-20 04:21:18.996867
last_update_m = 2024-09-20 00:43:58.387612
last_update_v = 2023-10-25 16:52:16.653504

