[DEFAULT]
interv_d = 604800
interv_h = 43200
interv_m = 14400
fctnmt = cloud

[UPDATES]
last_update_d = 2024-11-18 16:09:59.179232
last_update_h = 2024-11-18 16:20:20.269036
last_update_m = 2024-11-18 12:41:28.382704
last_update_v = 2023-10-25 16:52:16.653504

