[DEFAULT]
interv_d = 604800
interv_h = 43200
interv_m = 14400
fctnmt = cloud

[UPDATES]
last_update_d = 2026-05-16 04:10:51.769165
last_update_h = 2026-05-16 04:21:47.232497
last_update_m = 2026-05-16 00:44:12.446056
last_update_v = 2023-10-25 16:52:16.653504

