[DEFAULT]
interv_d = 604800
interv_h = 43200
interv_m = 14400
fctnmt = cloud

[UPDATES]
last_update_d = 2023-12-31 20:09:26.725543
last_update_h = 2023-12-31 20:19:38.256824
last_update_m = 2023-12-31 20:30:00.538803
last_update_v = 2023-10-25 16:52:16.653504

