[DEFAULT]
interv_d = 604800
interv_h = 43200
interv_m = 14400
fctnmt = cloud

[UPDATES]
last_update_d = 2025-05-10 08:10:38.574159
last_update_h = 2025-05-10 08:21:31.463279
last_update_m = 2025-05-10 04:43:09.173031
last_update_v = 2023-10-25 16:52:16.653504

