[DEFAULT]
interv_d = 604800
interv_h = 43200
interv_m = 14400
fctnmt = cloud

[UPDATES]
last_update_d = 2025-04-04 00:11:05.107935
last_update_h = 2025-04-04 00:22:26.673299
last_update_m = 2025-04-04 00:44:48.557928
last_update_v = 2023-10-25 16:52:16.653504

