[DEFAULT]
interv_d = 604800
interv_h = 43200
interv_m = 14400
fctnmt = cloud

[UPDATES]
last_update_d = 2025-10-09 20:11:00.262361
last_update_h = 2025-10-09 20:22:09.571658
last_update_m = 2025-10-09 20:44:28.378615
last_update_v = 2023-10-25 16:52:16.653504

