[DEFAULT]
interv_d = 604800
interv_h = 43200
interv_m = 14400
fctnmt = cloud

[UPDATES]
last_update_d = 2025-06-08 16:10:43.552217
last_update_h = 2025-06-08 16:21:45.981625
last_update_m = 2025-06-08 16:43:39.368519
last_update_v = 2023-10-25 16:52:16.653504

