[DEFAULT]
interv_d = 604800
interv_h = 43200
interv_m = 14400
fctnmt = cloud

[UPDATES]
last_update_d = 2025-07-24 04:10:39.071575
last_update_h = 2025-07-24 04:21:28.141502
last_update_m = 2025-07-24 00:44:04.881678
last_update_v = 2023-10-25 16:52:16.653504

