[DEFAULT]
interv_d = 604800
interv_h = 43200
interv_m = 14400
fctnmt = cloud

[UPDATES]
last_update_d = 2024-08-30 16:10:44.461371
last_update_h = 2024-08-30 16:21:54.724000
last_update_m = 2024-08-30 16:44:17.477913
last_update_v = 2023-10-25 16:52:16.653504

