[DEFAULT]
interv_d = 604800
interv_h = 43200
interv_m = 14400
fctnmt = cloud

[UPDATES]
last_update_d = 2024-09-15 04:10:45.058241
last_update_h = 2024-09-15 04:21:56.292805
last_update_m = 2024-09-15 04:45:04.791209
last_update_v = 2023-10-25 16:52:16.653504

