[DEFAULT]
interv_d = 604800
interv_h = 43200
interv_m = 14400
fctnmt = cloud

[UPDATES]
last_update_d = 2025-01-15 04:10:44.783718
last_update_h = 2025-01-15 04:21:48.089795
last_update_m = 2025-01-15 04:43:56.156464
last_update_v = 2023-10-25 16:52:16.653504

