[DEFAULT]
interv_d = 604800
interv_h = 43200
interv_m = 14400
fctnmt = cloud

[UPDATES]
last_update_d = 2024-03-28 04:10:17.715730
last_update_h = 2024-03-28 04:21:18.060974
last_update_m = 2024-03-28 00:43:36.044939
last_update_v = 2023-10-25 16:52:16.653504

