[DEFAULT]
interv_d = 604800
interv_h = 43200
interv_m = 14400
fctnmt = cloud

[UPDATES]
last_update_d = 2025-03-22 08:10:51.789079
last_update_h = 2025-03-22 08:22:00.618955
last_update_m = 2025-03-22 08:44:29.969916
last_update_v = 2023-10-25 16:52:16.653504

