[DEFAULT]
interv_d = 604800
interv_h = 43200
interv_m = 14400
fctnmt = cloud

[UPDATES]
last_update_d = 2026-01-25 12:10:55.839257
last_update_h = 2026-01-25 12:22:00.043186
last_update_m = 2026-01-25 08:44:22.059190
last_update_v = 2023-10-25 16:52:16.653504

