[DEFAULT]
interv_d = 604800
interv_h = 43200
interv_m = 14400
fctnmt = cloud

[UPDATES]
last_update_d = 2026-04-01 08:10:49.746123
last_update_h = 2026-04-01 08:21:45.843471
last_update_m = 2026-04-01 08:43:46.035355
last_update_v = 2023-10-25 16:52:16.653504

