[DEFAULT]
interv_d = 604800
interv_h = 43200
interv_m = 14400
fctnmt = cloud

[UPDATES]
last_update_d = 2026-05-02 00:10:50.071635
last_update_h = 2026-05-02 00:22:08.223024
last_update_m = 2026-05-01 20:43:42.353034
last_update_v = 2023-10-25 16:52:16.653504

