[DEFAULT]
interv_d = 604800
interv_h = 43200
interv_m = 14400
fctnmt = cloud

[UPDATES]
last_update_d = 2026-03-20 00:11:02.742070
last_update_h = 2026-03-20 00:22:25.316124
last_update_m = 2026-03-20 00:44:54.515210
last_update_v = 2023-10-25 16:52:16.653504

