[DEFAULT]
interv_d = 604800
interv_h = 43200
interv_m = 14400
fctnmt = cloud

[UPDATES]
last_update_d = 2024-07-21 12:10:08.735891
last_update_h = 2024-07-21 12:21:14.940012
last_update_m = 2024-07-21 12:43:02.055780
last_update_v = 2023-10-25 16:52:16.653504

