[DEFAULT]
interv_d = 604800
interv_h = 43200
interv_m = 14400
fctnmt = cloud

[UPDATES]
last_update_d = 2025-04-23 04:10:52.372074
last_update_h = 2025-04-23 04:22:49.288597
last_update_m = 2025-04-23 00:45:05.803623
last_update_v = 2023-10-25 16:52:16.653504

