[DEFAULT]
interv_d = 604800
interv_h = 43200
interv_m = 14400
fctnmt = cloud

[UPDATES]
last_update_d = 2024-07-22 12:10:01.838941
last_update_h = 2024-07-22 12:20:38.761444
last_update_m = 2024-07-22 12:42:16.524498
last_update_v = 2023-10-25 16:52:16.653504

