[DEFAULT]
interv_d = 604800
interv_h = 43200
interv_m = 14400
fctnmt = cloud

[UPDATES]
last_update_d = 2025-04-09 20:10:54.200960
last_update_h = 2025-04-09 20:22:04.597270
last_update_m = 2025-04-09 16:44:28.182974
last_update_v = 2023-10-25 16:52:16.653504

