[DEFAULT]
interv_d = 604800
interv_h = 43200
interv_m = 14400
fctnmt = cloud

[UPDATES]
last_update_d = 2024-10-18 20:10:02.591021
last_update_h = 2024-10-18 20:20:25.390765
last_update_m = 2024-10-18 20:41:12.851837
last_update_v = 2023-10-25 16:52:16.653504

