[DEFAULT]
interv_d = 604800
interv_h = 43200
interv_m = 14400
fctnmt = cloud

[UPDATES]
last_update_d = 2025-09-24 16:10:56.707972
last_update_h = 2025-09-24 16:21:58.980489
last_update_m = 2025-09-24 16:44:05.659485
last_update_v = 2023-10-25 16:52:16.653504

