[DEFAULT]
interv_d = 604800
interv_h = 43200
interv_m = 14400
fctnmt = cloud

[UPDATES]
last_update_d = 2026-04-28 20:10:57.336187
last_update_h = 2026-04-28 20:21:53.529303
last_update_m = 2026-04-28 20:43:50.951914
last_update_v = 2023-10-25 16:52:16.653504

