[DEFAULT]
interv_d = 604800
interv_h = 43200
interv_m = 14400
fctnmt = cloud

[UPDATES]
last_update_d = 2026-01-02 00:11:10.956216
last_update_h = 2026-01-02 00:22:48.680132
last_update_m = 2026-01-02 00:45:20.084545
last_update_v = 2023-10-25 16:52:16.653504

