[DEFAULT]
interv_d = 604800
interv_h = 43200
interv_m = 14400
fctnmt = cloud

[UPDATES]
last_update_d = 2025-06-15 00:11:27.366292
last_update_h = 2025-06-15 00:23:25.088176
last_update_m = 2025-06-15 00:47:24.861304
last_update_v = 2023-10-25 16:52:16.653504

