[DEFAULT]
interv_d = 604800
interv_h = 43200
interv_m = 14400
fctnmt = cloud

[UPDATES]
last_update_d = 2025-08-17 20:10:45.874868
last_update_h = 2025-08-17 20:21:45.983684
last_update_m = 2025-08-17 20:43:46.928760
last_update_v = 2023-10-25 16:52:16.653504

