[DEFAULT]
interv_d = 604800
interv_h = 43200
interv_m = 14400
fctnmt = cloud

[UPDATES]
last_update_d = 2025-07-20 12:10:43.144735
last_update_h = 2025-07-20 12:21:34.180366
last_update_m = 2025-07-20 12:43:17.930142
last_update_v = 2023-10-25 16:52:16.653504

