[DEFAULT]
interv_d = 604800
interv_h = 43200
interv_m = 14400
fctnmt = cloud

[UPDATES]
last_update_d = 2025-06-29 12:12:12.573142
last_update_h = 2025-06-29 12:24:58.257889
last_update_m = 2025-06-29 08:50:41.276593
last_update_v = 2023-10-25 16:52:16.653504

