[DEFAULT]
interv_d = 604800
interv_h = 43200
interv_m = 14400
fctnmt = cloud

[UPDATES]
last_update_d = 2024-07-01 04:10:23.671128
last_update_h = 2024-07-01 04:21:15.105636
last_update_m = 2024-07-01 04:42:57.352874
last_update_v = 2023-10-25 16:52:16.653504

