[DEFAULT]
interv_d = 604800
interv_h = 43200
interv_m = 14400
fctnmt = cloud

[UPDATES]
last_update_d = 2026-04-16 08:10:49.456133
last_update_h = 2026-04-16 08:21:50.155403
last_update_m = 2026-04-16 08:43:42.063149
last_update_v = 2023-10-25 16:52:16.653504

