[DEFAULT]
interv_d = 604800
interv_h = 43200
interv_m = 14400
fctnmt = cloud

[UPDATES]
last_update_d = 2024-04-23 00:10:24.867074
last_update_h = 2024-04-23 00:21:43.052572
last_update_m = 2024-04-22 20:43:32.665355
last_update_v = 2023-10-25 16:52:16.653504

