[DEFAULT]
interv_d = 604800
interv_h = 43200
interv_m = 14400
fctnmt = cloud

[UPDATES]
last_update_d = 2025-10-16 00:11:09.772415
last_update_h = 2025-10-16 00:22:43.258733
last_update_m = 2025-10-16 00:45:14.540015
last_update_v = 2023-10-25 16:52:16.653504

