[DEFAULT]
interv_d = 604800
interv_h = 43200
interv_m = 14400
fctnmt = cloud

[UPDATES]
last_update_d = 2024-12-07 16:10:41.304268
last_update_h = 2024-12-07 16:21:44.509323
last_update_m = 2024-12-07 16:43:48.666643
last_update_v = 2023-10-25 16:52:16.653504

