[DEFAULT]
interv_d = 604800
interv_h = 43200
interv_m = 14400
fctnmt = cloud

[UPDATES]
last_update_d = 2023-11-13 20:44:47.436301
last_update_h = 2023-11-14 13:29:07.714380
last_update_m = 2023-11-14 14:55:50.925418
last_update_v = 2023-11-14 08:42:11.955967

