[DEFAULT]
interv_d = 604800
interv_h = 43200
interv_m = 14400
fctnmt = cloud

[UPDATES]
last_update_d = 2024-08-16 20:10:36.040480
last_update_h = 2024-08-16 20:21:50.714580
last_update_m = 2024-08-16 16:44:36.323567
last_update_v = 2023-10-25 16:52:16.653504

