[DEFAULT]
interv_d = 604800
interv_h = 43200
interv_m = 14400
fctnmt = cloud

[UPDATES]
last_update_d = 2025-10-13 16:10:43.263668
last_update_h = 2025-10-13 16:22:12.029394
last_update_m = 2025-10-13 12:43:53.293259
last_update_v = 2023-10-25 16:52:16.653504

