[DEFAULT]
interv_d = 604800
interv_h = 43200
interv_m = 14400
fctnmt = cloud

[UPDATES]
last_update_d = 2025-09-23 00:11:07.283965
last_update_h = 2025-09-23 00:22:34.146270
last_update_m = 2025-09-22 20:45:12.253509
last_update_v = 2023-10-25 16:52:16.653504

