[DEFAULT]
interv_d = 604800
interv_h = 43200
interv_m = 14400
fctnmt = cloud

[UPDATES]
last_update_d = 2023-12-30 12:09:24.766280
last_update_h = 2023-12-30 12:19:53.044894
last_update_m = 2023-12-30 08:40:12.530327
last_update_v = 2023-10-25 16:52:16.653504

