[DEFAULT]
interv_d = 604800
interv_h = 43200
interv_m = 14400
fctnmt = cloud

[UPDATES]
last_update_d = 2024-04-15 20:10:17.243712
last_update_h = 2024-04-15 20:21:16.638213
last_update_m = 2024-04-15 20:43:32.024105
last_update_v = 2023-10-25 16:52:16.653504

