[DEFAULT]
interv_d = 604800
interv_h = 43200
interv_m = 14400
fctnmt = cloud

[UPDATES]
last_update_d = 2024-01-04 16:11:48.252685
last_update_h = 2024-01-04 16:23:58.626101
last_update_m = 2024-01-04 12:49:47.327195
last_update_v = 2023-10-25 16:52:16.653504

