[DEFAULT]
interv_d = 604800
interv_h = 43200
interv_m = 14400
fctnmt = cloud

[UPDATES]
last_update_d = 2024-02-17 04:09:52.642766
last_update_h = 2024-02-17 04:20:44.527685
last_update_m = 2024-02-17 04:42:12.763769
last_update_v = 2023-10-25 16:52:16.653504

