[DEFAULT]
interv_d = 604800
interv_h = 43200
interv_m = 14400
fctnmt = cloud

[UPDATES]
last_update_d = 2025-09-28 12:10:56.230105
last_update_h = 2025-09-28 12:22:12.344705
last_update_m = 2025-09-28 12:44:31.756464
last_update_v = 2023-10-25 16:52:16.653504

