[DEFAULT]
interv_d = 604800
interv_h = 43200
interv_m = 14400
fctnmt = cloud

[UPDATES]
last_update_d = 2024-02-07 16:09:47.064268
last_update_h = 2024-02-07 16:20:26.462904
last_update_m = 2024-02-07 12:42:11.626225
last_update_v = 2023-10-25 16:52:16.653504

