[DEFAULT]
interv_d = 604800
interv_h = 43200
interv_m = 14400
fctnmt = cloud

[UPDATES]
last_update_d = 2024-01-13 16:09:36.851156
last_update_h = 2024-01-13 16:20:07.266788
last_update_m = 2024-01-13 12:41:05.634263
last_update_v = 2023-10-25 16:52:16.653504

