[DEFAULT]
interv_d = 604800
interv_h = 43200
interv_m = 14400
fctnmt = cloud

[UPDATES]
last_update_d = 2025-06-04 16:10:31.341346
last_update_h = 2025-06-04 16:21:29.359965
last_update_m = 2025-06-04 12:43:30.055900
last_update_v = 2023-10-25 16:52:16.653504

