[DEFAULT]
interv_d = 604800
interv_h = 43200
interv_m = 14400
fctnmt = cloud

[UPDATES]
last_update_d = 2024-10-14 12:09:55.175154
last_update_h = 2024-10-14 12:20:17.770128
last_update_m = 2024-10-14 08:41:27.959115
last_update_v = 2023-10-25 16:52:16.653504

