[DEFAULT]
interv_d = 604800
interv_h = 43200
interv_m = 14400
fctnmt = cloud

[UPDATES]
last_update_d = 2024-01-05 16:12:22.662139
last_update_h = 2024-01-05 16:25:36.857083
last_update_m = 2024-01-05 12:45:27.228466
last_update_v = 2023-10-25 16:52:16.653504

