[DEFAULT]
interv_d = 604800
interv_h = 43200
interv_m = 14400
fctnmt = cloud

[UPDATES]
last_update_d = 2025-01-26 00:10:39.686243
last_update_h = 2025-01-26 00:21:43.306649
last_update_m = 2025-01-25 20:43:26.955008
last_update_v = 2023-10-25 16:52:16.653504

