[DEFAULT]
interv_d = 604800
interv_h = 43200
interv_m = 14400
fctnmt = cloud

[UPDATES]
last_update_d = 2025-04-09 00:11:07.716093
last_update_h = 2025-04-09 00:22:28.370126
last_update_m = 2025-04-09 00:45:01.187830
last_update_v = 2023-10-25 16:52:16.653504

