[DEFAULT]
interv_d = 604800
interv_h = 43200
interv_m = 14400
fctnmt = cloud

[UPDATES]
last_update_d = 2025-12-21 08:10:57.539163
last_update_h = 2025-12-21 08:21:56.664188
last_update_m = 2025-12-21 08:44:02.531330
last_update_v = 2023-10-25 16:52:16.653504

