[DEFAULT]
interv_d = 604800
interv_h = 43200
interv_m = 14400
fctnmt = cloud

[UPDATES]
last_update_d = 2026-01-19 12:11:15.042279
last_update_h = 2026-01-19 12:23:23.129767
last_update_m = 2026-01-19 08:44:38.477050
last_update_v = 2023-10-25 16:52:16.653504

