[DEFAULT]
interv_d = 604800
interv_h = 43200
interv_m = 14400
fctnmt = cloud

[UPDATES]
last_update_d = 2024-08-24 20:10:55.355275
last_update_h = 2024-08-24 20:22:18.030826
last_update_m = 2024-08-24 16:45:27.228935
last_update_v = 2023-10-25 16:52:16.653504

