[DEFAULT]
interv_d = 604800
interv_h = 43200
interv_m = 14400
fctnmt = cloud

[UPDATES]
last_update_d = 2024-10-13 16:10:02.874193
last_update_h = 2024-10-13 16:20:27.569542
last_update_m = 2024-10-13 12:41:14.595597
last_update_v = 2023-10-25 16:52:16.653504

