[DEFAULT]
interv_d = 604800
interv_h = 43200
interv_m = 14400
fctnmt = cloud

[UPDATES]
last_update_d = 2025-01-04 08:10:48.894034
last_update_h = 2025-01-04 08:21:53.608977
last_update_m = 2025-01-04 04:43:49.699363
last_update_v = 2023-10-25 16:52:16.653504

