[DEFAULT]
interv_d = 604800
interv_h = 43200
interv_m = 14400
fctnmt = cloud

[UPDATES]
last_update_d = 2024-04-29 08:10:19.664199
last_update_h = 2024-04-29 08:21:21.433870
last_update_m = 2024-04-29 04:43:11.641639
last_update_v = 2023-10-25 16:52:16.653504

