[DEFAULT]
interv_d = 604800
interv_h = 43200
interv_m = 14400
fctnmt = cloud

[UPDATES]
last_update_d = 2024-02-15 16:09:56.840022
last_update_h = 2024-02-15 16:20:53.727513
last_update_m = 2024-02-15 16:43:05.715258
last_update_v = 2023-10-25 16:52:16.653504

