[DEFAULT]
interv_d = 604800
interv_h = 43200
interv_m = 14400
fctnmt = cloud

[UPDATES]
last_update_d = 2024-11-16 00:09:55.172403
last_update_h = 2024-11-16 00:20:19.771248
last_update_m = 2024-11-16 00:41:01.065111
last_update_v = 2023-10-25 16:52:16.653504

