[DEFAULT]
interv_d = 604800
interv_h = 43200
interv_m = 14400
fctnmt = cloud

[UPDATES]
last_update_d = 2025-09-01 16:10:46.558220
last_update_h = 2025-09-01 16:21:43.982812
last_update_m = 2025-09-01 16:43:58.444270
last_update_v = 2023-10-25 16:52:16.653504

