[DEFAULT]
interv_d = 604800
interv_h = 43200
interv_m = 14400
fctnmt = cloud

[UPDATES]
last_update_d = 2025-11-27 12:11:15.765660
last_update_h = 2025-11-27 12:22:30.287980
last_update_m = 2025-11-27 12:44:57.030718
last_update_v = 2023-10-25 16:52:16.653504

