[DEFAULT]
interv_d = 604800
interv_h = 43200
interv_m = 14400
fctnmt = cloud

[UPDATES]
last_update_d = 2025-08-22 00:11:00.176441
last_update_h = 2025-08-22 00:22:24.176365
last_update_m = 2025-08-21 20:44:02.269177
last_update_v = 2023-10-25 16:52:16.653504

