[DEFAULT]
interv_d = 604800
interv_h = 43200
interv_m = 14400
fctnmt = cloud

[UPDATES]
last_update_d = 2025-12-13 00:11:41.382579
last_update_h = 2025-12-13 00:23:09.529479
last_update_m = 2025-12-13 00:45:52.171945
last_update_v = 2023-10-25 16:52:16.653504

