[DEFAULT]
interv_d = 604800
interv_h = 43200
interv_m = 14400
fctnmt = cloud

[UPDATES]
last_update_d = 2025-05-06 16:10:40.255394
last_update_h = 2025-05-06 16:21:34.066159
last_update_m = 2025-05-06 16:43:22.965754
last_update_v = 2023-10-25 16:52:16.653504

