[DEFAULT]
interv_d = 604800
interv_h = 43200
interv_m = 14400
fctnmt = cloud

[UPDATES]
last_update_d = 2024-05-19 20:10:19.117013
last_update_h = 2024-05-19 20:21:11.128009
last_update_m = 2024-05-19 16:43:43.021637
last_update_v = 2023-10-25 16:52:16.653504

