[DEFAULT]
interv_d = 604800
interv_h = 43200
interv_m = 14400
fctnmt = cloud

[UPDATES]
last_update_d = 2024-12-31 00:10:47.912301
last_update_h = 2024-12-31 00:22:09.176306
last_update_m = 2024-12-30 20:43:56.086752
last_update_v = 2023-10-25 16:52:16.653504

