[DEFAULT]
interv_d = 604800
interv_h = 43200
interv_m = 14400
fctnmt = cloud

[UPDATES]
last_update_d = 2025-04-08 04:10:52.067380
last_update_h = 2025-04-08 04:21:57.301739
last_update_m = 2025-04-08 04:44:13.807973
last_update_v = 2023-10-25 16:52:16.653504

