[DEFAULT]
interv_d = 604800
interv_h = 43200
interv_m = 14400
fctnmt = cloud

[UPDATES]
last_update_d = 2025-02-19 12:10:43.772222
last_update_h = 2025-02-19 12:21:50.688898
last_update_m = 2025-02-19 08:44:08.955882
last_update_v = 2023-10-25 16:52:16.653504

