[DEFAULT]
interv_d = 604800
interv_h = 43200
interv_m = 14400
fctnmt = cloud

[UPDATES]
last_update_d = 2026-07-13 16:11:09.073995
last_update_h = 2026-07-13 16:22:19.462358
last_update_m = 2026-07-13 12:43:54.536513
last_update_v = 2023-10-25 16:52:16.653504

