[DEFAULT]
interv_d = 604800
interv_h = 43200
interv_m = 14400
fctnmt = cloud

[UPDATES]
last_update_d = 2024-03-06 04:09:53.255838
last_update_h = 2024-03-06 04:20:49.060364
last_update_m = 2024-03-06 00:42:43.346199
last_update_v = 2023-10-25 16:52:16.653504

