[DEFAULT]
interv_d = 604800
interv_h = 43200
interv_m = 14400
fctnmt = cloud

[UPDATES]
last_update_d = 2024-04-28 04:10:19.145624
last_update_h = 2024-04-28 04:21:15.850679
last_update_m = 2024-04-28 00:44:01.069254
last_update_v = 2023-10-25 16:52:16.653504

