[DEFAULT]
interv_d = 604800
interv_h = 43200
interv_m = 14400
fctnmt = cloud

[UPDATES]
last_update_d = 2026-01-19 20:11:21.677427
last_update_h = 2026-01-19 20:22:44.764448
last_update_m = 2026-01-19 16:44:44.255818
last_update_v = 2023-10-25 16:52:16.653504

