[DEFAULT]
interv_d = 604800
interv_h = 43200
interv_m = 14400
fctnmt = cloud

[UPDATES]
last_update_d = 2025-05-22 08:10:43.665094
last_update_h = 2025-05-22 08:21:40.073798
last_update_m = 2025-05-22 04:43:33.745121
last_update_v = 2023-10-25 16:52:16.653504

