[DEFAULT]
interv_d = 604800
interv_h = 43200
interv_m = 14400
fctnmt = cloud

[UPDATES]
last_update_d = 2025-12-30 00:11:12.080566
last_update_h = 2025-12-30 00:22:38.378133
last_update_m = 2025-12-30 00:45:00.849943
last_update_v = 2023-10-25 16:52:16.653504

