[DEFAULT]
interv_d = 604800
interv_h = 43200
interv_m = 14400
fctnmt = cloud

[UPDATES]
last_update_d = 2024-06-25 08:10:23.390667
last_update_h = 2024-06-25 08:21:22.098148
last_update_m = 2024-06-25 04:44:47.056963
last_update_v = 2023-10-25 16:52:16.653504

