[DEFAULT]
interv_d = 604800
interv_h = 43200
interv_m = 14400
fctnmt = cloud

[UPDATES]
last_update_d = 2024-07-26 20:10:29.721059
last_update_h = 2024-07-26 20:21:17.930044
last_update_m = 2024-07-26 16:42:16.667223
last_update_v = 2023-10-25 16:52:16.653504

