[DEFAULT]
interv_d = 604800
interv_h = 43200
interv_m = 14400
fctnmt = cloud

[UPDATES]
last_update_d = 2026-07-22 00:10:50.529146
last_update_h = 2026-07-22 00:22:00.949099
last_update_m = 2026-07-22 00:43:33.132758
last_update_v = 2023-10-25 16:52:16.653504

