[DEFAULT]
interv_d = 604800
interv_h = 43200
interv_m = 14400
fctnmt = cloud

[UPDATES]
last_update_d = 2026-07-05 04:11:09.644858
last_update_h = 2026-07-05 04:22:14.931655
last_update_m = 2026-07-05 00:44:58.640793
last_update_v = 2023-10-25 16:52:16.653504

