[DEFAULT]
interv_d = 604800
interv_h = 43200
interv_m = 14400
fctnmt = cloud

[UPDATES]
last_update_d = 2024-06-27 04:10:21.884066
last_update_h = 2024-06-27 04:21:20.372431
last_update_m = 2024-06-27 04:43:09.059849
last_update_v = 2023-10-25 16:52:16.653504

