[DEFAULT]
interv_d = 604800
interv_h = 43200
interv_m = 14400
fctnmt = cloud

[UPDATES]
last_update_d = 2025-02-04 00:10:41.374368
last_update_h = 2025-02-04 00:21:56.781490
last_update_m = 2025-02-03 20:43:58.078398
last_update_v = 2023-10-25 16:52:16.653504

