[DEFAULT]
interv_d = 604800
interv_h = 43200
interv_m = 14400
fctnmt = cloud

[UPDATES]
last_update_d = 2025-11-13 04:11:08.758110
last_update_h = 2025-11-13 04:22:19.069600
last_update_m = 2025-11-13 04:44:42.958482
last_update_v = 2023-10-25 16:52:16.653504

