[DEFAULT]
interv_d = 604800
interv_h = 43200
interv_m = 14400
fctnmt = cloud

[UPDATES]
last_update_d = 2025-12-14 04:11:07.884186
last_update_h = 2025-12-14 04:22:13.663071
last_update_m = 2025-12-14 04:44:28.227858
last_update_v = 2023-10-25 16:52:16.653504

