[DEFAULT]
interv_d = 604800
interv_h = 43200
interv_m = 14400
fctnmt = cloud

[UPDATES]
last_update_d = 2025-04-18 00:10:48.311036
last_update_h = 2025-04-18 00:22:03.997806
last_update_m = 2025-04-17 20:44:16.792511
last_update_v = 2023-10-25 16:52:16.653504

