[DEFAULT]
interv_d = 604800
interv_h = 43200
interv_m = 14400
fctnmt = cloud

[UPDATES]
last_update_d = 2024-03-08 04:10:29.730833
last_update_h = 2024-03-08 04:21:46.038191
last_update_m = 2024-03-08 04:44:13.448970
last_update_v = 2023-10-25 16:52:16.653504

