[DEFAULT]
interv_d = 604800
interv_h = 43200
interv_m = 14400
fctnmt = cloud

[UPDATES]
last_update_d = 2025-02-05 20:10:44.989847
last_update_h = 2025-02-05 20:21:42.202980
last_update_m = 2025-02-05 16:43:35.606946
last_update_v = 2023-10-25 16:52:16.653504

