[DEFAULT]
interv_d = 604800
interv_h = 43200
interv_m = 14400
fctnmt = cloud

[UPDATES]
last_update_d = 2025-01-08 00:10:57.665763
last_update_h = 2025-01-08 00:22:16.691150
last_update_m = 2025-01-08 00:44:27.466123
last_update_v = 2023-10-25 16:52:16.653504

