[DEFAULT]
interv_d = 604800
interv_h = 43200
interv_m = 14400
fctnmt = cloud

[UPDATES]
last_update_d = 2024-08-10 16:10:43.317542
last_update_h = 2024-08-10 16:22:01.114584
last_update_m = 2024-08-10 12:44:01.360618
last_update_v = 2023-10-25 16:52:16.653504

