[DEFAULT]
interv_d = 604800
interv_h = 43200
interv_m = 14400
fctnmt = cloud

[UPDATES]
last_update_d = 2024-03-06 20:10:03.450940
last_update_h = 2024-03-06 20:20:54.914722
last_update_m = 2024-03-06 16:43:03.046511
last_update_v = 2023-10-25 16:52:16.653504

