[DEFAULT]
interv_d = 604800
interv_h = 43200
interv_m = 14400
fctnmt = cloud

[UPDATES]
last_update_d = 2025-12-30 08:10:58.265027
last_update_h = 2025-12-30 08:22:01.630846
last_update_m = 2025-12-30 04:44:58.573955
last_update_v = 2023-10-25 16:52:16.653504

