[DEFAULT]
interv_d = 604800
interv_h = 43200
interv_m = 14400
fctnmt = cloud

[UPDATES]
last_update_d = 2025-09-08 08:10:50.935458
last_update_h = 2025-09-08 08:21:48.776751
last_update_m = 2025-09-08 04:43:58.447063
last_update_v = 2023-10-25 16:52:16.653504

