[DEFAULT]
interv_d = 604800
interv_h = 43200
interv_m = 14400
fctnmt = cloud

[UPDATES]
last_update_d = 2024-09-06 12:10:27.867529
last_update_h = 2024-09-06 12:21:24.490248
last_update_m = 2024-09-06 08:43:29.686059
last_update_v = 2023-10-25 16:52:16.653504

