[DEFAULT]
interv_d = 604800
interv_h = 43200
interv_m = 14400
fctnmt = cloud

[UPDATES]
last_update_d = 2024-08-30 20:10:48.363559
last_update_h = 2024-08-30 20:22:00.560816
last_update_m = 2024-08-30 20:44:25.263715
last_update_v = 2023-10-25 16:52:16.653504

