[DEFAULT]
interv_d = 604800
interv_h = 43200
interv_m = 14400
fctnmt = cloud

[UPDATES]
last_update_d = 2025-07-08 20:12:08.578927
last_update_h = 2025-07-08 20:24:15.939953
last_update_m = 2025-07-08 20:47:37.945175
last_update_v = 2023-10-25 16:52:16.653504

