[DEFAULT]
interv_d = 604800
interv_h = 43200
interv_m = 14400
fctnmt = cloud

[UPDATES]
last_update_d = 2025-03-03 16:10:58.481132
last_update_h = 2025-03-03 16:22:15.977629
last_update_m = 2025-03-03 12:44:02.681839
last_update_v = 2023-10-25 16:52:16.653504

