[DEFAULT]
interv_d = 604800
interv_h = 43200
interv_m = 14400
fctnmt = cloud

[UPDATES]
last_update_d = 2026-03-27 20:10:57.152930
last_update_h = 2026-03-27 20:22:04.144475
last_update_m = 2026-03-27 16:44:18.425282
last_update_v = 2023-10-25 16:52:16.653504

