[DEFAULT]
interv_d = 604800
interv_h = 43200
interv_m = 14400
fctnmt = cloud

[UPDATES]
last_update_d = 2026-02-21 12:11:06.151015
last_update_h = 2026-02-21 12:22:17.727045
last_update_m = 2026-02-21 08:44:31.654832
last_update_v = 2023-10-25 16:52:16.653504

