[DEFAULT]
interv_d = 604800
interv_h = 43200
interv_m = 14400
fctnmt = cloud

[UPDATES]
last_update_d = 2024-04-30 12:10:27.047607
last_update_h = 2024-04-30 12:21:30.541807
last_update_m = 2024-04-30 08:43:21.767261
last_update_v = 2023-10-25 16:52:16.653504

