[DEFAULT]
interv_d = 604800
interv_h = 43200
interv_m = 14400
fctnmt = cloud

[UPDATES]
last_update_d = 2024-03-03 04:09:57.440784
last_update_h = 2024-03-03 04:20:39.456626
last_update_m = 2024-03-03 00:42:16.961031
last_update_v = 2023-10-25 16:52:16.653504

