[DEFAULT]
interv_d = 604800
interv_h = 43200
interv_m = 14400
fctnmt = cloud

[UPDATES]
last_update_d = 2024-06-26 20:10:22.282584
last_update_h = 2024-06-26 20:21:31.249579
last_update_m = 2024-06-26 20:43:46.355686
last_update_v = 2023-10-25 16:52:16.653504

