[DEFAULT]
interv_d = 604800
interv_h = 43200
interv_m = 14400
fctnmt = cloud

[UPDATES]
last_update_d = 2025-02-19 16:10:51.589498
last_update_h = 2025-02-19 16:21:56.910588
last_update_m = 2025-02-19 16:44:17.669652
last_update_v = 2023-10-25 16:52:16.653504

