[DEFAULT]
interv_d = 604800
interv_h = 43200
interv_m = 14400
fctnmt = cloud

[UPDATES]
last_update_d = 2025-07-08 12:11:29.050707
last_update_h = 2025-07-08 12:23:29.151955
last_update_m = 2025-07-08 08:48:44.246077
last_update_v = 2023-10-25 16:52:16.653504

