[DEFAULT]
interv_d = 604800
interv_h = 43200
interv_m = 14400
fctnmt = cloud

[UPDATES]
last_update_d = 2026-01-26 08:10:54.955349
last_update_h = 2026-01-26 08:21:58.173677
last_update_m = 2026-01-26 04:45:09.541790
last_update_v = 2023-10-25 16:52:16.653504

