[DEFAULT]
interv_d = 604800
interv_h = 43200
interv_m = 14400
fctnmt = cloud

[UPDATES]
last_update_d = 2025-07-28 00:10:44.600542
last_update_h = 2025-07-28 00:21:45.540846
last_update_m = 2025-07-27 20:43:38.075027
last_update_v = 2023-10-25 16:52:16.653504

