[DEFAULT]
interv_d = 604800
interv_h = 43200
interv_m = 14400
fctnmt = cloud

[UPDATES]
last_update_d = 2026-01-15 04:11:01.663025
last_update_h = 2026-01-15 04:22:04.381543
last_update_m = 2026-01-15 00:44:26.479743
last_update_v = 2023-10-25 16:52:16.653504

