[DEFAULT]
interv_d = 604800
interv_h = 43200
interv_m = 14400
fctnmt = cloud

[UPDATES]
last_update_d = 2025-09-07 00:10:48.640663
last_update_h = 2025-09-07 00:22:13.482088
last_update_m = 2025-09-06 20:43:36.857838
last_update_v = 2023-10-25 16:52:16.653504

