[DEFAULT]
interv_d = 604800
interv_h = 43200
interv_m = 14400
fctnmt = cloud

[UPDATES]
last_update_d = 2024-08-06 00:10:27.514896
last_update_h = 2024-08-06 00:21:45.052392
last_update_m = 2024-08-05 20:43:09.422100
last_update_v = 2023-10-25 16:52:16.653504

