[DEFAULT]
interv_d = 604800
interv_h = 43200
interv_m = 14400
fctnmt = cloud

[UPDATES]
last_update_d = 2026-05-20 12:10:59.958428
last_update_h = 2026-05-20 12:21:54.015463
last_update_m = 2026-05-20 12:43:43.272952
last_update_v = 2023-10-25 16:52:16.653504

