[DEFAULT]
interv_d = 604800
interv_h = 43200
interv_m = 14400
fctnmt = cloud

[UPDATES]
last_update_d = 2026-05-28 12:11:04.325707
last_update_h = 2026-05-28 12:22:04.139311
last_update_m = 2026-05-28 12:44:07.116043
last_update_v = 2023-10-25 16:52:16.653504

