[DEFAULT]
interv_d = 604800
interv_h = 43200
interv_m = 14400
fctnmt = cloud

[UPDATES]
last_update_d = 2025-12-05 20:11:02.128457
last_update_h = 2025-12-05 20:22:10.264683
last_update_m = 2025-12-05 16:44:35.951927
last_update_v = 2023-10-25 16:52:16.653504

