[DEFAULT]
interv_d = 604800
interv_h = 43200
interv_m = 14400
fctnmt = cloud

[UPDATES]
last_update_d = 2026-01-15 08:11:01.163410
last_update_h = 2026-01-15 08:22:05.057430
last_update_m = 2026-01-15 04:44:13.454122
last_update_v = 2023-10-25 16:52:16.653504

