[DEFAULT]
interv_d = 604800
interv_h = 43200
interv_m = 14400
fctnmt = cloud

[UPDATES]
last_update_d = 2024-12-19 00:10:54.275860
last_update_h = 2024-12-19 00:22:19.187445
last_update_m = 2024-12-18 20:43:59.880418
last_update_v = 2023-10-25 16:52:16.653504

