[DEFAULT]
interv_d = 604800
interv_h = 43200
interv_m = 14400
fctnmt = cloud

[UPDATES]
last_update_d = 2025-01-09 04:10:55.306603
last_update_h = 2025-01-09 04:22:08.961832
last_update_m = 2025-01-09 04:44:26.380228
last_update_v = 2023-10-25 16:52:16.653504

