[DEFAULT]
interv_d = 604800
interv_h = 43200
interv_m = 14400
fctnmt = cloud

[UPDATES]
last_update_d = 2024-11-26 12:10:03.454901
last_update_h = 2024-11-26 12:20:24.057324
last_update_m = 2024-11-26 12:41:11.757835
last_update_v = 2023-10-25 16:52:16.653504

