[DEFAULT]
interv_d = 604800
interv_h = 43200
interv_m = 14400
fctnmt = cloud

[UPDATES]
last_update_d = 2025-03-14 16:10:59.057534
last_update_h = 2025-03-14 16:22:10.283911
last_update_m = 2025-03-14 16:44:32.106468
last_update_v = 2023-10-25 16:52:16.653504

