[DEFAULT]
interv_d = 604800
interv_h = 43200
interv_m = 14400
fctnmt = cloud

[UPDATES]
last_update_d = 2024-06-03 12:10:21.218299
last_update_h = 2024-06-03 12:21:24.999296
last_update_m = 2024-06-03 08:43:02.117103
last_update_v = 2023-10-25 16:52:16.653504

