[DEFAULT]
interv_d = 604800
interv_h = 43200
interv_m = 14400
fctnmt = cloud

[UPDATES]
last_update_d = 2026-03-13 00:10:58.079474
last_update_h = 2026-03-13 00:23:12.429029
last_update_m = 2026-03-13 00:45:21.343997
last_update_v = 2023-10-25 16:52:16.653504

