[DEFAULT]
interv_d = 604800
interv_h = 43200
interv_m = 14400
fctnmt = cloud

[UPDATES]
last_update_d = 2024-02-21 16:09:47.133264
last_update_h = 2024-02-21 16:20:39.034388
last_update_m = 2024-02-21 16:42:19.325548
last_update_v = 2023-10-25 16:52:16.653504

