[DEFAULT]
interv_d = 604800
interv_h = 43200
interv_m = 14400
fctnmt = cloud

[UPDATES]
last_update_d = 2024-06-27 16:10:23.179606
last_update_h = 2024-06-27 16:21:19.958590
last_update_m = 2024-06-27 12:43:22.407341
last_update_v = 2023-10-25 16:52:16.653504

