[DEFAULT]
interv_d = 604800
interv_h = 43200
interv_m = 14400
fctnmt = cloud

[UPDATES]
last_update_d = 2024-01-02 08:11:21.219917
last_update_h = 2024-01-02 08:23:52.336478
last_update_m = 2024-01-02 08:49:49.568235
last_update_v = 2023-10-25 16:52:16.653504

