[DEFAULT]
interv_d = 604800
interv_h = 43200
interv_m = 14400
fctnmt = cloud

[UPDATES]
last_update_d = 2024-06-23 20:10:17.706896
last_update_h = 2024-06-23 20:21:14.772637
last_update_m = 2024-06-23 20:43:15.198034
last_update_v = 2023-10-25 16:52:16.653504

