[DEFAULT]
interv_d = 604800
interv_h = 43200
interv_m = 14400
fctnmt = cloud

[UPDATES]
last_update_d = 2026-02-12 08:11:05.155928
last_update_h = 2026-02-12 08:22:27.475464
last_update_m = 2026-02-12 08:44:53.766456
last_update_v = 2023-10-25 16:52:16.653504

