[DEFAULT]
interv_d = 604800
interv_h = 43200
interv_m = 14400
fctnmt = cloud

[UPDATES]
last_update_d = 2025-01-07 08:10:44.288114
last_update_h = 2025-01-07 08:21:43.993983
last_update_m = 2025-01-07 08:43:49.271226
last_update_v = 2023-10-25 16:52:16.653504

