[DEFAULT]
interv_d = 604800
interv_h = 43200
interv_m = 14400
fctnmt = cloud

[UPDATES]
last_update_d = 2024-09-11 08:10:34.974904
last_update_h = 2024-09-11 08:21:35.770860
last_update_m = 2024-09-11 08:43:45.961672
last_update_v = 2023-10-25 16:52:16.653504

