[DEFAULT]
interv_d = 604800
interv_h = 43200
interv_m = 14400
fctnmt = cloud

[UPDATES]
last_update_d = 2024-10-30 08:09:57.252809
last_update_h = 2024-10-30 08:20:13.158037
last_update_m = 2024-10-30 08:40:45.295151
last_update_v = 2023-10-25 16:52:16.653504

