[DEFAULT]
interv_d = 604800
interv_h = 43200
interv_m = 14400
fctnmt = cloud

[UPDATES]
last_update_d = 2024-02-28 04:09:58.054383
last_update_h = 2024-02-28 04:20:54.732801
last_update_m = 2024-02-28 04:42:41.458582
last_update_v = 2023-10-25 16:52:16.653504

