[DEFAULT]
interv_d = 604800
interv_h = 43200
interv_m = 14400
fctnmt = cloud

[UPDATES]
last_update_d = 2025-12-21 00:11:09.655079
last_update_h = 2025-12-21 00:22:33.543484
last_update_m = 2025-12-21 00:45:00.690535
last_update_v = 2023-10-25 16:52:16.653504

