[DEFAULT]
interv_d = 604800
interv_h = 43200
interv_m = 14400
fctnmt = cloud

[UPDATES]
last_update_d = 2025-06-09 04:11:20.748750
last_update_h = 2025-06-09 04:22:20.364048
last_update_m = 2025-06-09 00:43:44.950457
last_update_v = 2023-10-25 16:52:16.653504

