[DEFAULT]
interv_d = 604800
interv_h = 43200
interv_m = 14400
fctnmt = cloud

[UPDATES]
last_update_d = 2024-08-23 16:10:50.723925
last_update_h = 2024-08-23 16:22:19.268667
last_update_m = 2024-08-23 16:44:57.627183
last_update_v = 2023-10-25 16:52:16.653504

