[DEFAULT]
interv_d = 604800
interv_h = 43200
interv_m = 14400
fctnmt = cloud

[UPDATES]
last_update_d = 2024-06-30 20:10:37.266220
last_update_h = 2024-06-30 20:21:50.569822
last_update_m = 2024-06-30 20:44:20.596169
last_update_v = 2023-10-25 16:52:16.653504

