[DEFAULT]
interv_d = 604800
interv_h = 43200
interv_m = 14400
fctnmt = cloud

[UPDATES]
last_update_d = 2025-05-21 12:10:44.151156
last_update_h = 2025-05-21 12:21:41.381083
last_update_m = 2025-05-21 12:43:48.841570
last_update_v = 2023-10-25 16:52:16.653504

