[DEFAULT]
interv_d = 604800
interv_h = 43200
interv_m = 14400
fctnmt = cloud

[UPDATES]
last_update_d = 2025-06-25 00:10:39.265208
last_update_h = 2025-06-25 00:21:50.647829
last_update_m = 2025-06-24 20:49:31.081472
last_update_v = 2023-10-25 16:52:16.653504

