[DEFAULT]
interv_d = 604800
interv_h = 43200
interv_m = 14400
fctnmt = cloud

[UPDATES]
last_update_d = 2023-11-06 19:30:59.649422
last_update_h = 2023-11-11 20:45:23.337002
last_update_m = 2023-11-12 04:43:13.348067
last_update_v = 2023-11-12 05:25:24.851548

