[DEFAULT]
interv_d = 604800
interv_h = 43200
interv_m = 14400
fctnmt = cloud

[UPDATES]
last_update_d = 2025-11-03 08:10:47.375831
last_update_h = 2025-11-03 08:21:42.652607
last_update_m = 2025-11-03 04:43:15.571264
last_update_v = 2023-10-25 16:52:16.653504

