[DEFAULT]
interv_d = 604800
interv_h = 43200
interv_m = 14400
fctnmt = cloud

[UPDATES]
last_update_d = 2025-04-13 04:10:56.072541
last_update_h = 2025-04-13 04:22:01.758785
last_update_m = 2025-04-13 04:44:15.479574
last_update_v = 2023-10-25 16:52:16.653504

