[DEFAULT]
interv_d = 604800
interv_h = 43200
interv_m = 14400
fctnmt = cloud

[UPDATES]
last_update_d = 2025-03-27 00:11:05.493724
last_update_h = 2025-03-27 00:22:30.175510
last_update_m = 2025-03-26 20:44:45.990158
last_update_v = 2023-10-25 16:52:16.653504

