[DEFAULT]
interv_d = 604800
interv_h = 43200
interv_m = 14400
fctnmt = cloud

[UPDATES]
last_update_d = 2024-03-29 16:10:24.371248
last_update_h = 2024-03-29 16:21:45.814780
last_update_m = 2024-03-29 12:44:21.430109
last_update_v = 2023-10-25 16:52:16.653504

