[DEFAULT]
interv_d = 604800
interv_h = 43200
interv_m = 14400
fctnmt = cloud

[UPDATES]
last_update_d = 2023-10-30 17:57:12.427913
last_update_h = 2023-10-26 11:22:48.561779
last_update_m = 2023-10-26 08:36:21.826642
last_update_v = 2023-10-25 16:52:16.653504

