[DEFAULT]
interv_d = 604800
interv_h = 43200
interv_m = 14400
fctnmt = cloud

[UPDATES]
last_update_d = 2026-05-23 04:10:50.766616
last_update_h = 2026-05-23 04:21:44.542990
last_update_m = 2026-05-23 04:43:41.552100
last_update_v = 2023-10-25 16:52:16.653504

