[DEFAULT]
interv_d = 604800
interv_h = 43200
interv_m = 14400
fctnmt = cloud

[UPDATES]
last_update_d = 2025-04-19 04:10:56.865836
last_update_h = 2025-04-19 04:22:10.674381
last_update_m = 2025-04-19 04:44:26.376924
last_update_v = 2023-10-25 16:52:16.653504

