[DEFAULT]
interv_d = 604800
interv_h = 43200
interv_m = 14400
fctnmt = cloud

[UPDATES]
last_update_d = 2024-08-19 00:10:57.048594
last_update_h = 2024-08-19 00:22:27.532257
last_update_m = 2024-08-19 00:45:09.155233
last_update_v = 2023-10-25 16:52:16.653504

