[DEFAULT]
interv_d = 604800
interv_h = 43200
interv_m = 14400
fctnmt = cloud

[UPDATES]
last_update_d = 2024-01-20 08:09:42.942045
last_update_h = 2024-01-20 08:20:29.314280
last_update_m = 2024-01-20 08:42:07.947249
last_update_v = 2023-10-25 16:52:16.653504

