[DEFAULT]
interv_d = 604800
interv_h = 43200
interv_m = 14400
fctnmt = cloud

[UPDATES]
last_update_d = 2025-03-03 12:10:46.388227
last_update_h = 2025-03-03 12:21:46.572007
last_update_m = 2025-03-03 08:44:21.299198
last_update_v = 2023-10-25 16:52:16.653504

