[DEFAULT]
interv_d = 604800
interv_h = 43200
interv_m = 14400
fctnmt = cloud

[UPDATES]
last_update_d = 2024-09-28 04:10:35.712149
last_update_h = 2024-09-28 04:22:04.846114
last_update_m = 2024-09-28 00:43:14.850766
last_update_v = 2023-10-25 16:52:16.653504

