[DEFAULT]
interv_d = 604800
interv_h = 43200
interv_m = 14400
fctnmt = cloud

[UPDATES]
last_update_d = 2025-02-23 16:10:41.898175
last_update_h = 2025-02-23 16:21:47.683839
last_update_m = 2025-02-23 12:43:37.575198
last_update_v = 2023-10-25 16:52:16.653504

