[DEFAULT]
interv_d = 604800
interv_h = 43200
interv_m = 14400
fctnmt = cloud

[UPDATES]
last_update_d = 2026-05-27 20:11:01.841270
last_update_h = 2026-05-27 20:22:24.860648
last_update_m = 2026-05-27 16:43:51.459830
last_update_v = 2023-10-25 16:52:16.653504

