[DEFAULT]
interv_d = 604800
interv_h = 43200
interv_m = 14400
fctnmt = cloud

[UPDATES]
last_update_d = 2024-11-23 12:09:59.267988
last_update_h = 2024-11-23 12:20:10.365470
last_update_m = 2024-11-23 08:40:53.270065
last_update_v = 2023-10-25 16:52:16.653504

