[DEFAULT]
interv_d = 604800
interv_h = 43200
interv_m = 14400
fctnmt = cloud

[UPDATES]
last_update_d = 2025-12-28 20:11:06.077218
last_update_h = 2025-12-28 20:22:27.343027
last_update_m = 2025-12-28 20:44:55.056752
last_update_v = 2023-10-25 16:52:16.653504

