[DEFAULT]
interv_d = 604800
interv_h = 43200
interv_m = 14400
fctnmt = cloud

[UPDATES]
last_update_d = 2026-01-18 04:11:11.756511
last_update_h = 2026-01-18 04:22:26.636854
last_update_m = 2026-01-18 00:44:48.646902
last_update_v = 2023-10-25 16:52:16.653504

