[DEFAULT]
interv_d = 604800
interv_h = 43200
interv_m = 14400
fctnmt = cloud

[UPDATES]
last_update_d = 2024-02-28 20:10:07.768990
last_update_h = 2024-02-28 20:20:56.822532
last_update_m = 2024-02-28 16:42:14.756090
last_update_v = 2023-10-25 16:52:16.653504

