[DEFAULT]
interv_d = 604800
interv_h = 43200
interv_m = 14400
fctnmt = cloud

[UPDATES]
last_update_d = 2026-03-12 20:10:56.052858
last_update_h = 2026-03-12 20:21:55.657198
last_update_m = 2026-03-12 20:44:04.959795
last_update_v = 2023-10-25 16:52:16.653504

