[DEFAULT]
interv_d = 604800
interv_h = 43200
interv_m = 14400
fctnmt = cloud

[UPDATES]
last_update_d = 2024-05-20 20:10:20.698638
last_update_h = 2024-05-20 20:21:23.206996
last_update_m = 2024-05-20 16:43:46.495482
last_update_v = 2023-10-25 16:52:16.653504

