[DEFAULT]
interv_d = 604800
interv_h = 43200
interv_m = 14400
fctnmt = cloud

[UPDATES]
last_update_d = 2025-01-25 08:10:36.755437
last_update_h = 2025-01-25 08:21:24.708189
last_update_m = 2025-01-25 08:43:14.489667
last_update_v = 2023-10-25 16:52:16.653504

