[DEFAULT]
interv_d = 604800
interv_h = 43200
interv_m = 14400
fctnmt = cloud

[UPDATES]
last_update_d = 2024-09-02 00:10:22.921744
last_update_h = 2024-09-02 00:21:37.786972
last_update_m = 2024-09-01 20:43:22.457214
last_update_v = 2023-10-25 16:52:16.653504

