[DEFAULT]
interv_d = 604800
interv_h = 43200
interv_m = 14400
fctnmt = cloud

[UPDATES]
last_update_d = 2025-05-22 04:10:45.251217
last_update_h = 2025-05-22 04:21:39.353785
last_update_m = 2025-05-22 00:44:07.528816
last_update_v = 2023-10-25 16:52:16.653504

