[DEFAULT]
interv_d = 604800
interv_h = 43200
interv_m = 14400
fctnmt = cloud

[UPDATES]
last_update_d = 2024-07-02 04:10:25.977452
last_update_h = 2024-07-02 04:21:20.002209
last_update_m = 2024-07-02 04:43:09.296680
last_update_v = 2023-10-25 16:52:16.653504

