[DEFAULT]
interv_d = 604800
interv_h = 43200
interv_m = 14400
fctnmt = cloud

[UPDATES]
last_update_d = 2024-04-02 16:10:25.445283
last_update_h = 2024-04-02 16:21:43.540402
last_update_m = 2024-04-02 12:44:04.831280
last_update_v = 2023-10-25 16:52:16.653504

