[DEFAULT]
interv_d = 604800
interv_h = 43200
interv_m = 14400
fctnmt = cloud

[UPDATES]
last_update_d = 2024-07-26 16:10:01.938978
last_update_h = 2024-07-26 16:20:45.014026
last_update_m = 2024-07-26 12:42:30.161816
last_update_v = 2023-10-25 16:52:16.653504

