[DEFAULT]
interv_d = 604800
interv_h = 43200
interv_m = 14400
fctnmt = cloud

[UPDATES]
last_update_d = 2024-08-21 04:10:52.648984
last_update_h = 2024-08-21 04:22:16.528637
last_update_m = 2024-08-21 00:45:03.039970
last_update_v = 2023-10-25 16:52:16.653504

