[DEFAULT]
interv_d = 604800
interv_h = 43200
interv_m = 14400
fctnmt = cloud

[UPDATES]
last_update_d = 2025-07-29 04:10:44.400086
last_update_h = 2025-07-29 04:21:34.775595
last_update_m = 2025-07-29 04:43:12.127652
last_update_v = 2023-10-25 16:52:16.653504

