[DEFAULT]
interv_d = 604800
interv_h = 43200
interv_m = 14400
fctnmt = cloud

[UPDATES]
last_update_d = 2025-12-16 00:11:08.968105
last_update_h = 2025-12-16 00:22:45.839240
last_update_m = 2025-12-16 00:45:26.075952
last_update_v = 2023-10-25 16:52:16.653504

