[DEFAULT]
interv_d = 604800
interv_h = 43200
interv_m = 14400
fctnmt = cloud

[UPDATES]
last_update_d = 2025-12-13 16:10:55.443138
last_update_h = 2025-12-13 16:22:00.050132
last_update_m = 2025-12-13 12:44:17.547689
last_update_v = 2023-10-25 16:52:16.653504

