[DEFAULT]
interv_d = 604800
interv_h = 43200
interv_m = 14400
fctnmt = cloud

[UPDATES]
last_update_d = 2024-10-28 04:09:59.871137
last_update_h = 2024-10-28 04:20:20.266540
last_update_m = 2024-10-28 04:41:00.388288
last_update_v = 2023-10-25 16:52:16.653504

