[DEFAULT]
interv_d = 604800
interv_h = 43200
interv_m = 14400
fctnmt = cloud

[UPDATES]
last_update_d = 2024-06-23 00:10:22.087800
last_update_h = 2024-06-23 00:21:47.381891
last_update_m = 2024-06-22 20:44:08.960211
last_update_v = 2023-10-25 16:52:16.653504

