[DEFAULT]
interv_d = 604800
interv_h = 43200
interv_m = 14400
fctnmt = cloud

[UPDATES]
last_update_d = 2025-04-06 16:11:03.796954
last_update_h = 2025-04-06 16:22:16.865942
last_update_m = 2025-04-06 12:44:44.971918
last_update_v = 2023-10-25 16:52:16.653504

