[DEFAULT]
interv_d = 604800
interv_h = 43200
interv_m = 14400
fctnmt = cloud

[UPDATES]
last_update_d = 2024-10-04 00:09:59.973303
last_update_h = 2024-10-04 00:20:25.877976
last_update_m = 2024-10-04 00:41:13.276612
last_update_v = 2023-10-25 16:52:16.653504

