[DEFAULT]
interv_d = 604800
interv_h = 43200
interv_m = 14400
fctnmt = cloud

[UPDATES]
last_update_d = 2024-06-21 04:10:15.797175
last_update_h = 2024-06-21 04:21:06.564107
last_update_m = 2024-06-21 04:42:52.160214
last_update_v = 2023-10-25 16:52:16.653504

