[DEFAULT]
interv_d = 604800
interv_h = 43200
interv_m = 14400
fctnmt = cloud

[UPDATES]
last_update_d = 2025-06-09 08:10:42.760934
last_update_h = 2025-06-09 08:21:33.576194
last_update_m = 2025-06-09 04:44:10.448396
last_update_v = 2023-10-25 16:52:16.653504

