[DEFAULT]
interv_d = 604800
interv_h = 43200
interv_m = 14400
fctnmt = cloud

[UPDATES]
last_update_d = 2026-01-15 00:10:54.233735
last_update_h = 2026-01-15 00:22:14.350783
last_update_m = 2026-01-14 20:44:44.129794
last_update_v = 2023-10-25 16:52:16.653504

