[DEFAULT]
interv_d = 604800
interv_h = 43200
interv_m = 14400
fctnmt = cloud

[UPDATES]
last_update_d = 2024-02-07 00:09:39.233966
last_update_h = 2024-02-07 00:20:09.349551
last_update_m = 2024-02-06 20:42:10.351207
last_update_v = 2023-10-25 16:52:16.653504

