[DEFAULT]
interv_d = 604800
interv_h = 43200
interv_m = 14400
fctnmt = cloud

[UPDATES]
last_update_d = 2025-12-05 04:11:09.745273
last_update_h = 2025-12-05 04:22:33.566425
last_update_m = 2025-12-05 00:46:12.773677
last_update_v = 2023-10-25 16:52:16.653504

