[DEFAULT]
interv_d = 604800
interv_h = 43200
interv_m = 14400
fctnmt = cloud

[UPDATES]
last_update_d = 2025-12-25 00:10:56.469549
last_update_h = 2025-12-25 00:22:26.243016
last_update_m = 2025-12-24 20:44:17.354566
last_update_v = 2023-10-25 16:52:16.653504

