[DEFAULT]
interv_d = 604800
interv_h = 43200
interv_m = 14400
fctnmt = cloud

[UPDATES]
last_update_d = 2024-11-02 12:10:11.655709
last_update_h = 2024-11-02 12:20:35.256839
last_update_m = 2024-11-02 08:41:12.476635
last_update_v = 2023-10-25 16:52:16.653504

