[DEFAULT]
interv_d = 604800
interv_h = 43200
interv_m = 14400
fctnmt = cloud

[UPDATES]
last_update_d = 2026-02-20 12:11:10.929982
last_update_h = 2026-02-20 12:22:19.978262
last_update_m = 2026-02-20 12:44:39.170476
last_update_v = 2023-10-25 16:52:16.653504

