[DEFAULT]
interv_d = 604800
interv_h = 43200
interv_m = 14400
fctnmt = cloud

[UPDATES]
last_update_d = 2025-01-07 16:10:35.973739
last_update_h = 2025-01-07 16:21:39.672734
last_update_m = 2025-01-07 16:43:40.677038
last_update_v = 2023-10-25 16:52:16.653504

