[DEFAULT]
interv_d = 604800
interv_h = 43200
interv_m = 14400
fctnmt = cloud

[UPDATES]
last_update_d = 2025-06-01 12:10:34.360722
last_update_h = 2025-06-01 12:21:28.448156
last_update_m = 2025-06-01 12:43:05.330702
last_update_v = 2023-10-25 16:52:16.653504

