[DEFAULT]
interv_d = 604800
interv_h = 43200
interv_m = 14400
fctnmt = cloud

[UPDATES]
last_update_d = 2025-07-14 16:10:36.774168
last_update_h = 2025-07-14 16:21:31.945826
last_update_m = 2025-07-14 16:43:22.285612
last_update_v = 2023-10-25 16:52:16.653504

