[DEFAULT]
interv_d = 604800
interv_h = 43200
interv_m = 14400
fctnmt = cloud

[UPDATES]
last_update_d = 2026-04-03 08:10:57.957632
last_update_h = 2026-04-03 08:21:57.658067
last_update_m = 2026-04-03 04:43:59.329101
last_update_v = 2023-10-25 16:52:16.653504

