[DEFAULT]
interv_d = 604800
interv_h = 43200
interv_m = 14400
fctnmt = cloud

[UPDATES]
last_update_d = 2025-06-08 04:10:41.982587
last_update_h = 2025-06-08 04:21:40.277847
last_update_m = 2025-06-08 04:43:39.767635
last_update_v = 2023-10-25 16:52:16.653504

