[DEFAULT]
interv_d = 604800
interv_h = 43200
interv_m = 14400
fctnmt = cloud

[UPDATES]
last_update_d = 2026-06-07 12:10:55.249987
last_update_h = 2026-06-07 12:21:46.651500
last_update_m = 2026-06-07 08:43:36.823012
last_update_v = 2023-10-25 16:52:16.653504

