[DEFAULT]
interv_d = 604800
interv_h = 43200
interv_m = 14400
fctnmt = cloud

[UPDATES]
last_update_d = 2024-12-29 20:10:48.901560
last_update_h = 2024-12-29 20:22:05.682334
last_update_m = 2024-12-29 16:43:54.483609
last_update_v = 2023-10-25 16:52:16.653504

