[DEFAULT]
interv_d = 604800
interv_h = 43200
interv_m = 14400
fctnmt = cloud

[UPDATES]
last_update_d = 2025-05-16 08:10:45.130555
last_update_h = 2025-05-16 08:21:43.773286
last_update_m = 2025-05-16 08:43:35.960930
last_update_v = 2023-10-25 16:52:16.653504

