[DEFAULT]
interv_d = 604800
interv_h = 43200
interv_m = 14400
fctnmt = cloud

[UPDATES]
last_update_d = 2026-02-04 00:10:56.275955
last_update_h = 2026-02-04 00:22:22.572080
last_update_m = 2026-02-04 00:44:30.466120
last_update_v = 2023-10-25 16:52:16.653504

