[DEFAULT]
interv_d = 604800
interv_h = 43200
interv_m = 14400
fctnmt = cloud

[UPDATES]
last_update_d = 2024-04-06 20:10:17.452597
last_update_h = 2024-04-06 20:21:26.043147
last_update_m = 2024-04-06 16:43:40.040457
last_update_v = 2023-10-25 16:52:16.653504

