[DEFAULT]
interv_d = 604800
interv_h = 43200
interv_m = 14400
fctnmt = cloud

[UPDATES]
last_update_d = 2025-02-05 00:10:41.892656
last_update_h = 2025-02-05 00:21:56.180023
last_update_m = 2025-02-04 20:43:27.176055
last_update_v = 2023-10-25 16:52:16.653504

