[DEFAULT]
interv_d = 604800
interv_h = 43200
interv_m = 14400
fctnmt = cloud

[UPDATES]
last_update_d = 2025-07-29 12:10:56.870425
last_update_h = 2025-07-29 12:21:47.867463
last_update_m = 2025-07-29 08:43:35.460146
last_update_v = 2023-10-25 16:52:16.653504

