[DEFAULT]
interv_d = 604800
interv_h = 43200
interv_m = 14400
fctnmt = cloud

[UPDATES]
last_update_d = 2025-06-14 08:11:30.761346
last_update_h = 2025-06-14 08:23:24.774242
last_update_m = 2025-06-14 04:48:58.466181
last_update_v = 2023-10-25 16:52:16.653504

