[DEFAULT]
interv_d = 604800
interv_h = 43200
interv_m = 14400
fctnmt = cloud

[UPDATES]
last_update_d = 2024-06-16 00:10:19.729938
last_update_h = 2024-06-16 00:21:37.805191
last_update_m = 2024-06-16 00:43:42.080615
last_update_v = 2023-10-25 16:52:16.653504

