[DEFAULT]
interv_d = 604800
interv_h = 43200
interv_m = 14400
fctnmt = cloud

[UPDATES]
last_update_d = 2025-03-07 04:10:56.968022
last_update_h = 2025-03-07 04:22:11.003073
last_update_m = 2025-03-07 04:44:31.056249
last_update_v = 2023-10-25 16:52:16.653504

