[DEFAULT]
interv_d = 604800
interv_h = 43200
interv_m = 14400
fctnmt = cloud

[UPDATES]
last_update_d = 2026-06-20 04:10:50.269196
last_update_h = 2026-06-20 04:21:39.113925
last_update_m = 2026-06-20 00:44:13.332722
last_update_v = 2023-10-25 16:52:16.653504

