[DEFAULT]
interv_d = 604800
interv_h = 43200
interv_m = 14400
fctnmt = cloud

[UPDATES]
last_update_d = 2024-02-03 20:09:44.165468
last_update_h = 2024-02-03 20:20:21.046237
last_update_m = 2024-02-03 20:41:47.537487
last_update_v = 2023-10-25 16:52:16.653504

