[DEFAULT]
interv_d = 604800
interv_h = 43200
interv_m = 14400
fctnmt = cloud

[UPDATES]
last_update_d = 2024-02-15 12:09:53.324167
last_update_h = 2024-02-15 12:20:40.914896
last_update_m = 2024-02-15 12:42:37.548905
last_update_v = 2023-10-25 16:52:16.653504

