[DEFAULT]
interv_d = 604800
interv_h = 43200
interv_m = 14400
fctnmt = cloud

[UPDATES]
last_update_d = 2024-05-29 20:10:22.809838
last_update_h = 2024-05-29 20:21:27.195144
last_update_m = 2024-05-29 16:43:09.996108
last_update_v = 2023-10-25 16:52:16.653504

