[DEFAULT]
interv_d = 604800
interv_h = 43200
interv_m = 14400
fctnmt = cloud

[UPDATES]
last_update_d = 2025-09-28 08:10:50.457902
last_update_h = 2025-09-28 08:21:50.879508
last_update_m = 2025-09-28 04:45:01.080230
last_update_v = 2023-10-25 16:52:16.653504

