[DEFAULT]
interv_d = 604800
interv_h = 43200
interv_m = 14400
fctnmt = cloud

[UPDATES]
last_update_d = 2024-10-27 16:10:04.089451
last_update_h = 2024-10-27 16:20:27.757911
last_update_m = 2024-10-27 16:41:20.444919
last_update_v = 2023-10-25 16:52:16.653504

