[DEFAULT]
interv_d = 604800
interv_h = 43200
interv_m = 14400
fctnmt = cloud

[UPDATES]
last_update_d = 2023-12-29 14:11:56.159041
last_update_h = 2023-12-29 14:22:14.543921
last_update_m = 2023-12-29 14:42:47.443636
last_update_v = 2023-10-25 16:52:16.653504

