[DEFAULT]
interv_d = 604800
interv_h = 43200
interv_m = 14400
fctnmt = cloud

[UPDATES]
last_update_d = 2024-08-22 12:11:13.636130
last_update_h = 2024-08-22 12:22:30.928072
last_update_m = 2024-08-22 08:44:49.052267
last_update_v = 2023-10-25 16:52:16.653504

