[DEFAULT]
interv_d = 604800
interv_h = 43200
interv_m = 14400
fctnmt = cloud

[UPDATES]
last_update_d = 2025-06-10 20:11:58.766942
last_update_h = 2025-06-10 20:23:16.262190
last_update_m = 2025-06-10 16:43:48.172191
last_update_v = 2023-10-25 16:52:16.653504

