[DEFAULT]
interv_d = 604800
interv_h = 43200
interv_m = 14400
fctnmt = cloud

[UPDATES]
last_update_d = 2026-05-25 16:10:55.051008
last_update_h = 2026-05-25 16:21:48.226859
last_update_m = 2026-05-25 12:44:04.770877
last_update_v = 2023-10-25 16:52:16.653504

