[DEFAULT]
interv_d = 604800
interv_h = 43200
interv_m = 14400
fctnmt = cloud

[UPDATES]
last_update_d = 2025-12-03 08:10:57.872161
last_update_h = 2025-12-03 08:22:06.360355
last_update_m = 2025-12-03 04:45:03.640896
last_update_v = 2023-10-25 16:52:16.653504

