[DEFAULT]
interv_d = 604800
interv_h = 43200
interv_m = 14400
fctnmt = cloud

[UPDATES]
last_update_d = 2024-02-11 04:09:46.115159
last_update_h = 2024-02-11 04:20:24.859056
last_update_m = 2024-02-11 00:41:35.219836
last_update_v = 2023-10-25 16:52:16.653504

