[DEFAULT]
interv_d = 604800
interv_h = 43200
interv_m = 14400
fctnmt = cloud

[UPDATES]
last_update_d = 2024-12-21 20:10:38.456582
last_update_h = 2024-12-21 20:21:48.376750
last_update_m = 2024-12-21 20:43:52.856376
last_update_v = 2023-10-25 16:52:16.653504

