[DEFAULT]
interv_d = 604800
interv_h = 43200
interv_m = 14400
fctnmt = cloud

[UPDATES]
last_update_d = 2025-09-18 08:10:37.455784
last_update_h = 2025-09-18 08:21:31.842778
last_update_m = 2025-09-18 08:43:19.439598
last_update_v = 2023-10-25 16:52:16.653504

