[DEFAULT]
interv_d = 604800
interv_h = 43200
interv_m = 14400
fctnmt = cloud

[UPDATES]
last_update_d = 2025-05-20 20:11:05.488291
last_update_h = 2025-05-20 20:22:28.465795
last_update_m = 2025-05-20 16:43:17.575138
last_update_v = 2023-10-25 16:52:16.653504

