[DEFAULT]
interv_d = 604800
interv_h = 43200
interv_m = 14400
fctnmt = cloud

[UPDATES]
last_update_d = 2025-07-20 20:10:36.047313
last_update_h = 2025-07-20 20:21:31.451518
last_update_m = 2025-07-20 16:43:21.849409
last_update_v = 2023-10-25 16:52:16.653504

