[DEFAULT]
interv_d = 604800
interv_h = 43200
interv_m = 14400
fctnmt = cloud

[UPDATES]
last_update_d = 2025-02-01 04:10:47.895306
last_update_h = 2025-02-01 04:21:48.994631
last_update_m = 2025-02-01 04:44:04.591764
last_update_v = 2023-10-25 16:52:16.653504

