[DEFAULT]
interv_d = 604800
interv_h = 43200
interv_m = 14400
fctnmt = cloud

[UPDATES]
last_update_d = 2024-08-24 00:10:52.733792
last_update_h = 2024-08-24 00:22:50.335679
last_update_m = 2024-08-23 20:45:03.566760
last_update_v = 2023-10-25 16:52:16.653504

