[DEFAULT]
interv_d = 604800
interv_h = 43200
interv_m = 14400
fctnmt = cloud

[UPDATES]
last_update_d = 2024-03-18 04:10:09.975713
last_update_h = 2024-03-18 04:21:11.524430
last_update_m = 2024-03-18 00:43:12.356159
last_update_v = 2023-10-25 16:52:16.653504

