[DEFAULT]
interv_d = 604800
interv_h = 43200
interv_m = 14400
fctnmt = cloud

[UPDATES]
last_update_d = 2025-06-05 00:10:44.978013
last_update_h = 2025-06-05 00:21:54.748785
last_update_m = 2025-06-04 20:43:35.457885
last_update_v = 2023-10-25 16:52:16.653504

