[DEFAULT]
interv_d = 604800
interv_h = 43200
interv_m = 14400
fctnmt = cloud

[UPDATES]
last_update_d = 2025-11-05 20:11:25.278896
last_update_h = 2025-11-05 20:23:08.049156
last_update_m = 2025-11-05 20:47:18.151716
last_update_v = 2023-10-25 16:52:16.653504

