[DEFAULT]
interv_d = 604800
interv_h = 43200
interv_m = 14400
fctnmt = cloud

[UPDATES]
last_update_d = 2024-11-16 08:10:02.281581
last_update_h = 2024-11-16 08:20:31.509079
last_update_m = 2024-11-16 08:41:22.478770
last_update_v = 2023-10-25 16:52:16.653504

