[DEFAULT]
interv_d = 604800
interv_h = 43200
interv_m = 14400
fctnmt = cloud

[UPDATES]
last_update_d = 2024-06-14 08:10:33.015937
last_update_h = 2024-06-14 08:21:46.609364
last_update_m = 2024-06-14 04:43:35.211194
last_update_v = 2023-10-25 16:52:16.653504

