[DEFAULT]
interv_d = 604800
interv_h = 43200
interv_m = 14400
fctnmt = cloud

[UPDATES]
last_update_d = 2026-02-05 00:10:57.534980
last_update_h = 2026-02-05 00:22:19.452935
last_update_m = 2026-02-04 20:43:54.382927
last_update_v = 2023-10-25 16:52:16.653504

