[DEFAULT]
interv_d = 604800
interv_h = 43200
interv_m = 14400
fctnmt = cloud

[UPDATES]
last_update_d = 2025-02-06 00:10:46.179217
last_update_h = 2025-02-06 00:22:04.090766
last_update_m = 2025-02-05 20:43:44.273690
last_update_v = 2023-10-25 16:52:16.653504

