[DEFAULT]
interv_d = 604800
interv_h = 43200
interv_m = 14400
fctnmt = cloud

[UPDATES]
last_update_d = 2025-11-06 16:11:26.247619
last_update_h = 2025-11-06 16:23:17.841935
last_update_m = 2025-11-06 16:46:51.956959
last_update_v = 2023-10-25 16:52:16.653504

