[DEFAULT]
interv_d = 604800
interv_h = 43200
interv_m = 14400
fctnmt = cloud

[UPDATES]
last_update_d = 2026-03-13 08:10:56.769133
last_update_h = 2026-03-13 08:21:56.114817
last_update_m = 2026-03-13 04:44:09.455621
last_update_v = 2023-10-25 16:52:16.653504

