[DEFAULT]
interv_d = 604800
interv_h = 43200
interv_m = 14400
fctnmt = cloud

[UPDATES]
last_update_d = 2025-03-06 00:10:43.398766
last_update_h = 2025-03-06 00:21:52.168055
last_update_m = 2025-03-06 00:43:52.088374
last_update_v = 2023-10-25 16:52:16.653504

