[DEFAULT]
interv_d = 604800
interv_h = 43200
interv_m = 14400
fctnmt = cloud

[UPDATES]
last_update_d = 2026-07-14 00:11:01.569800
last_update_h = 2026-07-14 00:22:25.447028
last_update_m = 2026-07-13 20:44:09.129572
last_update_v = 2023-10-25 16:52:16.653504

