[DEFAULT]
interv_d = 604800
interv_h = 43200
interv_m = 14400
fctnmt = cloud

[UPDATES]
last_update_d = 2025-04-21 00:11:08.988059
last_update_h = 2025-04-21 00:22:21.183865
last_update_m = 2025-04-20 20:45:47.286618
last_update_v = 2023-10-25 16:52:16.653504

