[DEFAULT]
interv_d = 604800
interv_h = 43200
interv_m = 14400
fctnmt = cloud

[UPDATES]
last_update_d = 2025-06-27 08:12:07.849031
last_update_h = 2025-06-27 08:24:40.882708
last_update_m = 2025-06-27 08:48:47.765752
last_update_v = 2023-10-25 16:52:16.653504

