[DEFAULT]
interv_d = 604800
interv_h = 43200
interv_m = 14400
fctnmt = cloud

[UPDATES]
last_update_d = 2025-06-12 12:11:33.682132
last_update_h = 2025-06-12 12:23:10.669309
last_update_m = 2025-06-12 12:45:07.362869
last_update_v = 2023-10-25 16:52:16.653504

