[DEFAULT]
interv_d = 604800
interv_h = 43200
interv_m = 14400
fctnmt = cloud

[UPDATES]
last_update_d = 2026-04-26 20:11:05.471254
last_update_h = 2026-04-26 20:22:15.043678
last_update_m = 2026-04-26 20:44:38.145298
last_update_v = 2023-10-25 16:52:16.653504

