[DEFAULT]
interv_d = 604800
interv_h = 43200
interv_m = 14400
fctnmt = cloud

[UPDATES]
last_update_d = 2026-02-07 00:10:58.964957
last_update_h = 2026-02-07 00:22:19.646072
last_update_m = 2026-02-06 20:43:56.575399
last_update_v = 2023-10-25 16:52:16.653504

