[DEFAULT]
interv_d = 604800
interv_h = 43200
interv_m = 14400
fctnmt = cloud

[UPDATES]
last_update_d = 2025-04-24 04:10:58.285263
last_update_h = 2025-04-24 04:22:22.570903
last_update_m = 2025-04-24 04:44:55.497050
last_update_v = 2023-10-25 16:52:16.653504

