[DEFAULT]
interv_d = 604800
interv_h = 43200
interv_m = 14400
fctnmt = cloud

[UPDATES]
last_update_d = 2025-03-13 04:10:51.976016
last_update_h = 2025-03-13 04:22:12.465049
last_update_m = 2025-03-13 00:44:21.468103
last_update_v = 2023-10-25 16:52:16.653504

