[DEFAULT]
interv_d = 604800
interv_h = 43200
interv_m = 14400
fctnmt = cloud

[UPDATES]
last_update_d = 2025-07-10 16:11:48.881815
last_update_h = 2025-07-10 16:23:37.066618
last_update_m = 2025-07-10 16:47:07.775699
last_update_v = 2023-10-25 16:52:16.653504

