[DEFAULT]
interv_d = 604800
interv_h = 43200
interv_m = 14400
fctnmt = cloud

[UPDATES]
last_update_d = 2024-03-03 20:09:54.340218
last_update_h = 2024-03-03 20:20:38.829536
last_update_m = 2024-03-03 16:42:36.314292
last_update_v = 2023-10-25 16:52:16.653504

