[DEFAULT]
interv_d = 604800
interv_h = 43200
interv_m = 14400
fctnmt = cloud

[UPDATES]
last_update_d = 2024-02-29 00:09:52.357640
last_update_h = 2024-02-29 00:20:40.266947
last_update_m = 2024-02-29 00:42:20.931787
last_update_v = 2023-10-25 16:52:16.653504

