[DEFAULT]
interv_d = 604800
interv_h = 43200
interv_m = 14400
fctnmt = cloud

[UPDATES]
last_update_d = 2025-02-04 16:10:42.675058
last_update_h = 2025-02-04 16:21:48.802519
last_update_m = 2025-02-04 12:44:04.801992
last_update_v = 2023-10-25 16:52:16.653504

