[DEFAULT]
interv_d = 604800
interv_h = 43200
interv_m = 14400
fctnmt = cloud

[UPDATES]
last_update_d = 2025-12-03 04:11:11.940556
last_update_h = 2025-12-03 04:22:28.971550
last_update_m = 2025-12-03 00:44:48.268538
last_update_v = 2023-10-25 16:52:16.653504

