[DEFAULT]
interv_d = 604800
interv_h = 43200
interv_m = 14400
fctnmt = cloud

[UPDATES]
last_update_d = 2025-11-26 20:11:06.683960
last_update_h = 2025-11-26 20:22:20.579349
last_update_m = 2025-11-26 16:44:54.230540
last_update_v = 2023-10-25 16:52:16.653504

