[DEFAULT]
interv_d = 604800
interv_h = 43200
interv_m = 14400
fctnmt = cloud

[UPDATES]
last_update_d = 2025-06-29 00:12:16.487043
last_update_h = 2025-06-29 00:24:35.743954
last_update_m = 2025-06-29 00:49:44.755925
last_update_v = 2023-10-25 16:52:16.653504

