[DEFAULT]
interv_d = 604800
interv_h = 43200
interv_m = 14400
fctnmt = cloud

[UPDATES]
last_update_d = 2024-09-09 20:10:24.561056
last_update_h = 2024-09-09 20:21:38.275738
last_update_m = 2024-09-09 16:43:35.876154
last_update_v = 2023-10-25 16:52:16.653504

