[DEFAULT]
interv_d = 604800
interv_h = 43200
interv_m = 14400
fctnmt = cloud

[UPDATES]
last_update_d = 2025-06-21 20:12:40.857067
last_update_h = 2025-06-21 20:24:44.770558
last_update_m = 2025-06-21 20:49:20.870696
last_update_v = 2023-10-25 16:52:16.653504

