[DEFAULT]
interv_d = 604800
interv_h = 43200
interv_m = 14400
fctnmt = cloud

[UPDATES]
last_update_d = 2025-11-01 08:10:40.540890
last_update_h = 2025-11-01 08:21:37.252799
last_update_m = 2025-11-01 04:43:32.550082
last_update_v = 2023-10-25 16:52:16.653504

