[DEFAULT]
interv_d = 604800
interv_h = 43200
interv_m = 14400
fctnmt = cloud

[UPDATES]
last_update_d = 2025-08-14 12:11:41.968206
last_update_h = 2025-08-14 12:22:37.173043
last_update_m = 2025-08-14 08:44:07.277624
last_update_v = 2023-10-25 16:52:16.653504

