[DEFAULT]
interv_d = 604800
interv_h = 43200
interv_m = 14400
fctnmt = cloud

[UPDATES]
last_update_d = 2026-06-09 20:11:01.216026
last_update_h = 2026-06-09 20:22:02.344826
last_update_m = 2026-06-09 16:44:14.627654
last_update_v = 2023-10-25 16:52:16.653504

