[DEFAULT]
interv_d = 604800
interv_h = 43200
interv_m = 14400
fctnmt = cloud

[UPDATES]
last_update_d = 2025-09-15 04:10:37.548466
last_update_h = 2025-09-15 04:21:37.375537
last_update_m = 2025-09-15 04:43:24.676439
last_update_v = 2023-10-25 16:52:16.653504

