[DEFAULT]
interv_d = 604800
interv_h = 43200
interv_m = 14400
fctnmt = cloud

[UPDATES]
last_update_d = 2024-09-09 16:10:34.079214
last_update_h = 2024-09-09 16:21:41.382888
last_update_m = 2024-09-09 16:43:35.876154
last_update_v = 2023-10-25 16:52:16.653504

