[DEFAULT]
interv_d = 604800
interv_h = 43200
interv_m = 14400
fctnmt = cloud

[UPDATES]
last_update_d = 2025-10-23 20:10:59.170109
last_update_h = 2025-10-23 20:22:00.859354
last_update_m = 2025-10-23 20:44:02.867780
last_update_v = 2023-10-25 16:52:16.653504

