[DEFAULT]
interv_d = 604800
interv_h = 43200
interv_m = 14400
fctnmt = cloud

[UPDATES]
last_update_d = 2024-11-08 20:10:01.786728
last_update_h = 2024-11-08 20:20:24.183009
last_update_m = 2024-11-08 16:40:59.966708
last_update_v = 2023-10-25 16:52:16.653504

