[DEFAULT]
interv_d = 604800
interv_h = 43200
interv_m = 14400
fctnmt = cloud

[UPDATES]
last_update_d = 2025-01-28 04:10:30.458858
last_update_h = 2025-01-28 04:21:32.071679
last_update_m = 2025-01-28 00:44:02.293978
last_update_v = 2023-10-25 16:52:16.653504

