[DEFAULT]
interv_d = 604800
interv_h = 43200
interv_m = 14400
fctnmt = cloud

[UPDATES]
last_update_d = 2025-07-26 08:10:42.461410
last_update_h = 2025-07-26 08:21:43.885361
last_update_m = 2025-07-26 04:43:41.442425
last_update_v = 2023-10-25 16:52:16.653504

