[DEFAULT]
interv_d = 604800
interv_h = 43200
interv_m = 14400
fctnmt = cloud

[UPDATES]
last_update_d = 2025-06-06 12:10:43.479483
last_update_h = 2025-06-06 12:21:38.676990
last_update_m = 2025-06-06 12:43:30.877547
last_update_v = 2023-10-25 16:52:16.653504

