[DEFAULT]
interv_d = 604800
interv_h = 43200
interv_m = 14400
fctnmt = cloud

[UPDATES]
last_update_d = 2024-07-27 08:10:13.023981
last_update_h = 2024-07-27 08:21:00.457617
last_update_m = 2024-07-27 04:42:11.553881
last_update_v = 2023-10-25 16:52:16.653504

