[DEFAULT]
interv_d = 604800
interv_h = 43200
interv_m = 14400
fctnmt = cloud

[UPDATES]
last_update_d = 2025-02-27 12:10:55.280391
last_update_h = 2025-02-27 12:22:08.287449
last_update_m = 2025-02-27 12:44:33.900853
last_update_v = 2023-10-25 16:52:16.653504

