[DEFAULT]
interv_d = 604800
interv_h = 43200
interv_m = 14400
fctnmt = cloud

[UPDATES]
last_update_d = 2024-05-21 00:10:17.104497
last_update_h = 2024-05-21 00:21:36.034089
last_update_m = 2024-05-20 20:43:29.827867
last_update_v = 2023-10-25 16:52:16.653504

