[DEFAULT]
interv_d = 604800
interv_h = 43200
interv_m = 14400
fctnmt = cloud

[UPDATES]
last_update_d = 2025-03-03 20:10:41.871123
last_update_h = 2025-03-03 20:21:47.098509
last_update_m = 2025-03-03 16:44:26.107133
last_update_v = 2023-10-25 16:52:16.653504

