[DEFAULT]
interv_d = 604800
interv_h = 43200
interv_m = 14400
fctnmt = cloud

[UPDATES]
last_update_d = 2024-03-13 00:10:10.839717
last_update_h = 2024-03-13 00:21:30.546807
last_update_m = 2024-03-13 00:43:33.334544
last_update_v = 2023-10-25 16:52:16.653504

