[DEFAULT]
interv_d = 604800
interv_h = 43200
interv_m = 14400
fctnmt = cloud

[UPDATES]
last_update_d = 2024-08-21 12:11:01.119902
last_update_h = 2024-08-21 12:22:33.365498
last_update_m = 2024-08-21 12:45:20.822957
last_update_v = 2023-10-25 16:52:16.653504

