[DEFAULT]
interv_d = 604800
interv_h = 43200
interv_m = 14400
fctnmt = cloud

[UPDATES]
last_update_d = 2024-04-02 08:10:18.618566
last_update_h = 2024-04-02 08:21:43.514742
last_update_m = 2024-04-02 08:43:58.438314
last_update_v = 2023-10-25 16:52:16.653504

