[DEFAULT]
interv_d = 604800
interv_h = 43200
interv_m = 14400
fctnmt = cloud

[UPDATES]
last_update_d = 2024-02-21 08:09:58.540766
last_update_h = 2024-02-21 08:20:43.739042
last_update_m = 2024-02-21 08:42:13.336589
last_update_v = 2023-10-25 16:52:16.653504

