[DEFAULT]
interv_d = 604800
interv_h = 43200
interv_m = 14400
fctnmt = cloud

[UPDATES]
last_update_d = 2026-05-06 20:10:47.647124
last_update_h = 2026-05-06 20:21:42.671242
last_update_m = 2026-05-06 20:43:25.456115
last_update_v = 2023-10-25 16:52:16.653504

