[DEFAULT]
interv_d = 604800
interv_h = 43200
interv_m = 14400
fctnmt = cloud

[UPDATES]
last_update_d = 2025-10-23 00:10:45.395365
last_update_h = 2025-10-23 00:21:48.260171
last_update_m = 2025-10-23 00:43:47.644087
last_update_v = 2023-10-25 16:52:16.653504

