[DEFAULT]
interv_d = 604800
interv_h = 43200
interv_m = 14400
fctnmt = cloud

[UPDATES]
last_update_d = 2025-03-16 12:10:53.980277
last_update_h = 2025-03-16 12:22:07.307726
last_update_m = 2025-03-16 12:44:30.176677
last_update_v = 2023-10-25 16:52:16.653504

