[DEFAULT]
interv_d = 604800
interv_h = 43200
interv_m = 14400
fctnmt = cloud

[UPDATES]
last_update_d = 2025-08-24 00:10:52.651986
last_update_h = 2025-08-24 00:22:20.629400
last_update_m = 2025-08-23 20:44:20.467851
last_update_v = 2023-10-25 16:52:16.653504

