[DEFAULT]
interv_d = 604800
interv_h = 43200
interv_m = 14400
fctnmt = cloud

[UPDATES]
last_update_d = 2025-11-02 00:10:45.867865
last_update_h = 2025-11-02 00:22:05.150791
last_update_m = 2025-11-01 20:44:15.669092
last_update_v = 2023-10-25 16:52:16.653504

