[DEFAULT]
interv_d = 604800
interv_h = 43200
interv_m = 14400
fctnmt = cloud

[UPDATES]
last_update_d = 2024-07-16 20:10:34.177457
last_update_h = 2024-07-16 20:21:46.594123
last_update_m = 2024-07-16 16:44:11.777576
last_update_v = 2023-10-25 16:52:16.653504

