[DEFAULT]
interv_d = 604800
interv_h = 43200
interv_m = 14400
fctnmt = cloud

[UPDATES]
last_update_d = 2026-05-11 00:10:54.336397
last_update_h = 2026-05-11 00:22:14.663684
last_update_m = 2026-05-11 00:44:19.160491
last_update_v = 2023-10-25 16:52:16.653504

