[DEFAULT]
interv_d = 604800
interv_h = 43200
interv_m = 14400
fctnmt = cloud

[UPDATES]
last_update_d = 2026-05-25 00:11:00.935921
last_update_h = 2026-05-25 00:22:23.750636
last_update_m = 2026-05-24 20:43:55.639220
last_update_v = 2023-10-25 16:52:16.653504

