[DEFAULT]
interv_d = 604800
interv_h = 43200
interv_m = 14400
fctnmt = cloud

[UPDATES]
last_update_d = 2024-06-01 04:10:14.824575
last_update_h = 2024-06-01 04:21:09.733348
last_update_m = 2024-06-01 04:43:22.086379
last_update_v = 2023-10-25 16:52:16.653504

