[DEFAULT]
interv_d = 604800
interv_h = 43200
interv_m = 14400
fctnmt = cloud

[UPDATES]
last_update_d = 2025-06-14 12:11:43.135130
last_update_h = 2025-06-14 12:24:01.070983
last_update_m = 2025-06-14 12:48:08.245785
last_update_v = 2023-10-25 16:52:16.653504

