[DEFAULT]
interv_d = 604800
interv_h = 43200
interv_m = 14400
fctnmt = cloud

[UPDATES]
last_update_d = 2026-02-16 04:10:59.487081
last_update_h = 2026-02-16 04:22:08.082841
last_update_m = 2026-02-16 00:45:12.343191
last_update_v = 2023-10-25 16:52:16.653504

