[DEFAULT]
interv_d = 604800
interv_h = 43200
interv_m = 14400
fctnmt = cloud

[UPDATES]
last_update_d = 2026-05-02 04:10:46.869894
last_update_h = 2026-05-02 04:21:43.068926
last_update_m = 2026-05-02 00:43:58.278392
last_update_v = 2023-10-25 16:52:16.653504

