[DEFAULT]
interv_d = 604800
interv_h = 43200
interv_m = 14400
fctnmt = cloud

[UPDATES]
last_update_d = 2025-02-18 16:10:54.109328
last_update_h = 2025-02-18 16:22:06.577596
last_update_m = 2025-02-18 12:44:44.589139
last_update_v = 2023-10-25 16:52:16.653504

