[DEFAULT]
interv_d = 604800
interv_h = 43200
interv_m = 14400
fctnmt = cloud

[UPDATES]
last_update_d = 2025-10-10 04:10:53.044016
last_update_h = 2025-10-10 04:21:50.933143
last_update_m = 2025-10-10 04:43:49.056242
last_update_v = 2023-10-25 16:52:16.653504

