[DEFAULT]
interv_d = 604800
interv_h = 43200
interv_m = 14400
fctnmt = cloud

[UPDATES]
last_update_d = 2025-09-15 08:10:39.328243
last_update_h = 2025-09-15 08:21:27.460772
last_update_m = 2025-09-15 08:43:11.465013
last_update_v = 2023-10-25 16:52:16.653504

