[DEFAULT]
interv_d = 604800
interv_h = 43200
interv_m = 14400
fctnmt = cloud

[UPDATES]
last_update_d = 2025-11-30 00:11:02.816515
last_update_h = 2025-11-30 00:22:28.130183
last_update_m = 2025-11-29 20:45:45.154002
last_update_v = 2023-10-25 16:52:16.653504

