[DEFAULT]
interv_d = 604800
interv_h = 43200
interv_m = 14400
fctnmt = cloud

[UPDATES]
last_update_d = 2024-06-20 12:10:19.798299
last_update_h = 2024-06-20 12:21:16.304813
last_update_m = 2024-06-20 12:43:19.220144
last_update_v = 2023-10-25 16:52:16.653504

