[DEFAULT]
interv_d = 604800
interv_h = 43200
interv_m = 14400
fctnmt = cloud

[UPDATES]
last_update_d = 2026-01-10 20:10:55.470599
last_update_h = 2026-01-10 20:22:00.457905
last_update_m = 2026-01-10 16:44:02.756250
last_update_v = 2023-10-25 16:52:16.653504

