[DEFAULT]
interv_d = 604800
interv_h = 43200
interv_m = 14400
fctnmt = cloud

[UPDATES]
last_update_d = 2025-02-23 12:10:41.777534
last_update_h = 2025-02-23 12:21:39.690729
last_update_m = 2025-02-23 12:43:37.575198
last_update_v = 2023-10-25 16:52:16.653504

