[DEFAULT]
interv_d = 604800
interv_h = 43200
interv_m = 14400
fctnmt = cloud

[UPDATES]
last_update_d = 2025-09-21 04:11:07.480975
last_update_h = 2025-09-21 04:22:20.054220
last_update_m = 2025-09-21 00:45:26.947277
last_update_v = 2023-10-25 16:52:16.653504

