[DEFAULT]
interv_d = 604800
interv_h = 43200
interv_m = 14400
fctnmt = cloud

[UPDATES]
last_update_d = 2024-05-16 08:10:17.803734
last_update_h = 2024-05-16 08:21:27.898193
last_update_m = 2024-05-16 04:44:00.691691
last_update_v = 2023-10-25 16:52:16.653504

