[DEFAULT]
interv_d = 604800
interv_h = 43200
interv_m = 14400
fctnmt = cloud

[UPDATES]
last_update_d = 2026-03-05 12:10:55.736826
last_update_h = 2026-03-05 12:21:47.234312
last_update_m = 2026-03-05 12:43:36.664557
last_update_v = 2023-10-25 16:52:16.653504

