[DEFAULT]
interv_d = 604800
interv_h = 43200
interv_m = 14400
fctnmt = cloud

[UPDATES]
last_update_d = 2025-08-01 20:10:36.750556
last_update_h = 2025-08-01 20:21:24.070634
last_update_m = 2025-08-01 16:43:22.173690
last_update_v = 2023-10-25 16:52:16.653504

