[DEFAULT]
interv_d = 604800
interv_h = 43200
interv_m = 14400
fctnmt = cloud

[UPDATES]
last_update_d = 2024-03-18 12:10:24.738804
last_update_h = 2024-03-18 12:21:25.728322
last_update_m = 2024-03-18 08:43:22.853050
last_update_v = 2023-10-25 16:52:16.653504

