[DEFAULT]
interv_d = 604800
interv_h = 43200
interv_m = 14400
fctnmt = cloud

[UPDATES]
last_update_d = 2024-02-09 20:10:03.636496
last_update_h = 2024-02-09 20:20:42.330664
last_update_m = 2024-02-09 20:42:23.264628
last_update_v = 2023-10-25 16:52:16.653504

