[DEFAULT]
interv_d = 604800
interv_h = 43200
interv_m = 14400
fctnmt = cloud

[UPDATES]
last_update_d = 2026-02-20 16:10:59.679782
last_update_h = 2026-02-20 16:22:07.652025
last_update_m = 2026-02-20 16:44:15.430889
last_update_v = 2023-10-25 16:52:16.653504

