[DEFAULT]
interv_d = 604800
interv_h = 43200
interv_m = 14400
fctnmt = cloud

[UPDATES]
last_update_d = 2026-06-10 12:10:54.833149
last_update_h = 2026-06-10 12:21:57.541323
last_update_m = 2026-06-10 08:43:45.465874
last_update_v = 2023-10-25 16:52:16.653504

