[DEFAULT]
interv_d = 604800
interv_h = 43200
interv_m = 14400
fctnmt = cloud

[UPDATES]
last_update_d = 2026-07-20 16:10:54.135210
last_update_h = 2026-07-20 16:21:52.413441
last_update_m = 2026-07-20 16:43:52.458527
last_update_v = 2023-10-25 16:52:16.653504

