[DEFAULT]
interv_d = 604800
interv_h = 43200
interv_m = 14400
fctnmt = cloud

[UPDATES]
last_update_d = 2025-09-01 04:10:55.769153
last_update_h = 2025-09-01 04:22:03.572573
last_update_m = 2025-09-01 04:44:08.039865
last_update_v = 2023-10-25 16:52:16.653504

