[DEFAULT]
interv_d = 604800
interv_h = 43200
interv_m = 14400
fctnmt = cloud

[UPDATES]
last_update_d = 2024-05-18 20:10:25.391308
last_update_h = 2024-05-18 20:21:26.127075
last_update_m = 2024-05-18 16:43:15.218590
last_update_v = 2023-10-25 16:52:16.653504

