[DEFAULT]
interv_d = 604800
interv_h = 43200
interv_m = 14400
fctnmt = cloud

[UPDATES]
last_update_d = 2025-04-16 12:10:45.186703
last_update_h = 2025-04-16 12:21:53.199901
last_update_m = 2025-04-16 08:44:12.779735
last_update_v = 2023-10-25 16:52:16.653504

