[DEFAULT]
interv_d = 604800
interv_h = 43200
interv_m = 14400
fctnmt = cloud

[UPDATES]
last_update_d = 2025-12-19 16:10:56.656172
last_update_h = 2025-12-19 16:21:53.362534
last_update_m = 2025-12-19 12:44:07.569786
last_update_v = 2023-10-25 16:52:16.653504

