[DEFAULT]
interv_d = 604800
interv_h = 43200
interv_m = 14400
fctnmt = cloud

[UPDATES]
last_update_d = 2025-05-27 00:10:42.246748
last_update_h = 2025-05-27 00:21:58.772910
last_update_m = 2025-05-26 20:43:46.079863
last_update_v = 2023-10-25 16:52:16.653504

