[DEFAULT]
interv_d = 604800
interv_h = 43200
interv_m = 14400
fctnmt = cloud

[UPDATES]
last_update_d = 2026-03-16 20:10:52.828131
last_update_h = 2026-03-16 20:22:00.534131
last_update_m = 2026-03-16 20:44:04.024631
last_update_v = 2023-10-25 16:52:16.653504

