[DEFAULT]
interv_d = 604800
interv_h = 43200
interv_m = 14400
fctnmt = cloud

[UPDATES]
last_update_d = 2023-11-06 19:30:59.649422
last_update_h = 2023-11-12 12:45:04.825707
last_update_m = 2023-11-12 20:43:22.315732
last_update_v = 2023-11-12 05:25:24.851548

