[DEFAULT]
interv_d = 604800
interv_h = 43200
interv_m = 14400
fctnmt = cloud

[UPDATES]
last_update_d = 2025-12-12 00:11:08.652504
last_update_h = 2025-12-12 00:22:41.960191
last_update_m = 2025-12-11 20:44:42.660986
last_update_v = 2023-10-25 16:52:16.653504

