[DEFAULT]
interv_d = 604800
interv_h = 43200
interv_m = 14400
fctnmt = cloud

[UPDATES]
last_update_d = 2025-11-17 20:11:11.182582
last_update_h = 2025-11-17 20:22:22.752383
last_update_m = 2025-11-17 16:44:43.075333
last_update_v = 2023-10-25 16:52:16.653504

