[DEFAULT]
interv_d = 604800
interv_h = 43200
interv_m = 14400
fctnmt = cloud

[UPDATES]
last_update_d = 2026-01-23 20:10:59.277301
last_update_h = 2026-01-23 20:22:06.878730
last_update_m = 2026-01-23 20:44:26.051632
last_update_v = 2023-10-25 16:52:16.653504

