[DEFAULT]
interv_d = 604800
interv_h = 43200
interv_m = 14400
fctnmt = cloud

[UPDATES]
last_update_d = 2024-04-25 20:10:21.823363
last_update_h = 2024-04-25 20:21:33.214725
last_update_m = 2024-04-25 16:43:35.363856
last_update_v = 2023-10-25 16:52:16.653504

