[DEFAULT]
interv_d = 604800
interv_h = 43200
interv_m = 14400
fctnmt = cloud

[UPDATES]
last_update_d = 2026-01-09 20:10:53.057642
last_update_h = 2026-01-09 20:21:53.631057
last_update_m = 2026-01-09 20:43:51.563114
last_update_v = 2023-10-25 16:52:16.653504

