[DEFAULT]
interv_d = 604800
interv_h = 43200
interv_m = 14400
fctnmt = cloud

[UPDATES]
last_update_d = 2025-12-10 16:11:00.981404
last_update_h = 2025-12-10 16:22:16.381390
last_update_m = 2025-12-10 12:44:32.152566
last_update_v = 2023-10-25 16:52:16.653504

