[DEFAULT]
interv_d = 604800
interv_h = 43200
interv_m = 14400
fctnmt = cloud

[UPDATES]
last_update_d = 2025-04-22 04:10:47.877880
last_update_h = 2025-04-22 04:21:49.868607
last_update_m = 2025-04-22 04:43:46.117192
last_update_v = 2023-10-25 16:52:16.653504

