[DEFAULT]
interv_d = 604800
interv_h = 43200
interv_m = 14400
fctnmt = cloud

[UPDATES]
last_update_d = 2026-04-25 12:10:53.114753
last_update_h = 2026-04-25 12:21:54.618216
last_update_m = 2026-04-25 12:43:50.965485
last_update_v = 2023-10-25 16:52:16.653504

