[DEFAULT]
interv_d = 604800
interv_h = 43200
interv_m = 14400
fctnmt = cloud

[UPDATES]
last_update_d = 2024-06-25 12:10:21.788898
last_update_h = 2024-06-25 12:21:34.352306
last_update_m = 2024-06-25 08:43:18.781826
last_update_v = 2023-10-25 16:52:16.653504

