[DEFAULT]
interv_d = 604800
interv_h = 43200
interv_m = 14400
fctnmt = cloud

[UPDATES]
last_update_d = 2025-08-17 04:10:52.357611
last_update_h = 2025-08-17 04:21:52.681981
last_update_m = 2025-08-17 00:44:29.448720
last_update_v = 2023-10-25 16:52:16.653504

