[DEFAULT]
interv_d = 604800
interv_h = 43200
interv_m = 14400
fctnmt = cloud

[UPDATES]
last_update_d = 2026-07-03 04:10:57.525705
last_update_h = 2026-07-03 04:21:55.668487
last_update_m = 2026-07-03 04:43:57.231829
last_update_v = 2023-10-25 16:52:16.653504

