[DEFAULT]
interv_d = 604800
interv_h = 43200
interv_m = 14400
fctnmt = cloud

[UPDATES]
last_update_d = 2025-06-26 08:12:15.240173
last_update_h = 2025-06-26 08:24:33.451996
last_update_m = 2025-06-26 04:46:26.657638
last_update_v = 2023-10-25 16:52:16.653504

