[DEFAULT]
interv_d = 604800
interv_h = 43200
interv_m = 14400
fctnmt = cloud

[UPDATES]
last_update_d = 2025-03-31 04:10:56.512776
last_update_h = 2025-03-31 04:22:12.191235
last_update_m = 2025-03-31 00:44:53.300988
last_update_v = 2023-10-25 16:52:16.653504

