[DEFAULT]
interv_d = 604800
interv_h = 43200
interv_m = 14400
fctnmt = cloud

[UPDATES]
last_update_d = 2025-02-02 12:10:47.198501
last_update_h = 2025-02-02 12:21:53.793485
last_update_m = 2025-02-02 08:43:19.972038
last_update_v = 2023-10-25 16:52:16.653504

