[DEFAULT]
interv_d = 604800
interv_h = 43200
interv_m = 14400
fctnmt = cloud

[UPDATES]
last_update_d = 2024-10-01 08:10:02.675046
last_update_h = 2024-10-01 08:20:28.177679
last_update_m = 2024-10-01 04:41:54.590602
last_update_v = 2023-10-25 16:52:16.653504

