[DEFAULT]
interv_d = 604800
interv_h = 43200
interv_m = 14400
fctnmt = cloud

[UPDATES]
last_update_d = 2025-03-09 12:10:51.801117
last_update_h = 2025-03-09 12:22:01.807176
last_update_m = 2025-03-09 12:44:12.491947
last_update_v = 2023-10-25 16:52:16.653504

