[DEFAULT]
interv_d = 604800
interv_h = 43200
interv_m = 14400
fctnmt = cloud

[UPDATES]
last_update_d = 2026-03-31 08:10:57.628459
last_update_h = 2026-03-31 08:22:02.386118
last_update_m = 2026-03-31 04:44:23.561263
last_update_v = 2023-10-25 16:52:16.653504

