[DEFAULT]
interv_d = 604800
interv_h = 43200
interv_m = 14400
fctnmt = cloud

[UPDATES]
last_update_d = 2025-05-01 04:10:48.761959
last_update_h = 2025-05-01 04:21:55.385320
last_update_m = 2025-05-01 00:44:08.786663
last_update_v = 2023-10-25 16:52:16.653504

