[DEFAULT]
interv_d = 604800
interv_h = 43200
interv_m = 14400
fctnmt = cloud

[UPDATES]
last_update_d = 2024-04-09 20:10:22.150963
last_update_h = 2024-04-09 20:21:30.244555
last_update_m = 2024-04-09 20:44:08.625542
last_update_v = 2023-10-25 16:52:16.653504

