[DEFAULT]
interv_d = 604800
interv_h = 43200
interv_m = 14400
fctnmt = cloud

[UPDATES]
last_update_d = 2026-01-23 12:11:52.540670
last_update_h = 2026-01-23 12:23:08.950231
last_update_m = 2026-01-23 12:45:20.661894
last_update_v = 2023-10-25 16:52:16.653504

