[DEFAULT]
interv_d = 604800
interv_h = 43200
interv_m = 14400
fctnmt = cloud

[UPDATES]
last_update_d = 2024-02-10 04:09:40.546607
last_update_h = 2024-02-10 04:20:30.338647
last_update_m = 2024-02-10 04:42:02.233021
last_update_v = 2023-10-25 16:52:16.653504

