[DEFAULT]
interv_d = 604800
interv_h = 43200
interv_m = 14400
fctnmt = cloud

[UPDATES]
last_update_d = 2025-03-29 04:10:50.523565
last_update_h = 2025-03-29 04:22:02.255419
last_update_m = 2025-03-29 04:44:22.891634
last_update_v = 2023-10-25 16:52:16.653504

