[DEFAULT]
interv_d = 604800
interv_h = 43200
interv_m = 14400
fctnmt = cloud

[UPDATES]
last_update_d = 2025-02-15 00:10:38.107097
last_update_h = 2025-02-15 00:21:56.788465
last_update_m = 2025-02-15 00:44:02.681833
last_update_v = 2023-10-25 16:52:16.653504

