[DEFAULT]
interv_d = 604800
interv_h = 43200
interv_m = 14400
fctnmt = cloud

[UPDATES]
last_update_d = 2024-11-11 04:09:55.475587
last_update_h = 2024-11-11 04:20:12.068358
last_update_m = 2024-11-11 00:41:12.475928
last_update_v = 2023-10-25 16:52:16.653504

