[DEFAULT]
interv_d = 604800
interv_h = 43200
interv_m = 14400
fctnmt = cloud

[UPDATES]
last_update_d = 2024-04-24 12:10:21.652822
last_update_h = 2024-04-24 12:21:25.542379
last_update_m = 2024-04-24 08:43:34.650205
last_update_v = 2023-10-25 16:52:16.653504

