[DEFAULT]
interv_d = 604800
interv_h = 43200
interv_m = 14400
fctnmt = cloud

[UPDATES]
last_update_d = 2025-12-16 20:11:04.670414
last_update_h = 2025-12-16 20:22:11.273012
last_update_m = 2025-12-16 16:44:40.678341
last_update_v = 2023-10-25 16:52:16.653504

