[DEFAULT]
interv_d = 604800
interv_h = 43200
interv_m = 14400
fctnmt = cloud

[UPDATES]
last_update_d = 2025-10-19 04:11:13.481124
last_update_h = 2025-10-19 04:22:24.374094
last_update_m = 2025-10-19 00:44:28.255767
last_update_v = 2023-10-25 16:52:16.653504

