[DEFAULT]
interv_d = 604800
interv_h = 43200
interv_m = 14400
fctnmt = cloud

[UPDATES]
last_update_d = 2024-11-28 00:10:02.182973
last_update_h = 2024-11-28 00:20:31.179151
last_update_m = 2024-11-28 00:41:13.654407
last_update_v = 2023-10-25 16:52:16.653504

