[DEFAULT]
interv_d = 604800
interv_h = 43200
interv_m = 14400
fctnmt = cloud

[UPDATES]
last_update_d = 2025-04-11 16:10:47.905655
last_update_h = 2025-04-11 16:21:50.110102
last_update_m = 2025-04-11 16:43:50.357515
last_update_v = 2023-10-25 16:52:16.653504

