[DEFAULT]
interv_d = 604800
interv_h = 43200
interv_m = 14400
fctnmt = cloud

[UPDATES]
last_update_d = 2024-06-08 08:10:22.408982
last_update_h = 2024-06-08 08:21:13.987759
last_update_m = 2024-06-08 08:42:54.688842
last_update_v = 2023-10-25 16:52:16.653504

