[DEFAULT]
interv_d = 604800
interv_h = 43200
interv_m = 14400
fctnmt = cloud

[UPDATES]
last_update_d = 2026-07-20 12:10:59.443991
last_update_h = 2026-07-20 12:21:58.836929
last_update_m = 2026-07-20 08:43:52.056854
last_update_v = 2023-10-25 16:52:16.653504

