[DEFAULT]
interv_d = 604800
interv_h = 43200
interv_m = 14400
fctnmt = cloud

[UPDATES]
last_update_d = 2026-02-23 16:10:50.571552
last_update_h = 2026-02-23 16:21:55.527002
last_update_m = 2026-02-23 12:44:31.052162
last_update_v = 2023-10-25 16:52:16.653504

