[DEFAULT]
interv_d = 604800
interv_h = 43200
interv_m = 14400
fctnmt = cloud

[UPDATES]
last_update_d = 2025-06-21 00:12:20.853621
last_update_h = 2025-06-21 00:24:54.770901
last_update_m = 2025-06-20 20:49:24.028040
last_update_v = 2023-10-25 16:52:16.653504

