[DEFAULT]
interv_d = 604800
interv_h = 43200
interv_m = 14400
fctnmt = cloud

[UPDATES]
last_update_d = 2026-04-09 20:10:58.239268
last_update_h = 2026-04-09 20:21:55.452661
last_update_m = 2026-04-09 20:44:01.152504
last_update_v = 2023-10-25 16:52:16.653504

