[DEFAULT]
interv_d = 604800
interv_h = 43200
interv_m = 14400
fctnmt = cloud

[UPDATES]
last_update_d = 2024-12-08 20:10:40.293087
last_update_h = 2024-12-08 20:21:43.568400
last_update_m = 2024-12-08 16:44:00.304382
last_update_v = 2023-10-25 16:52:16.653504

