[DEFAULT]
interv_d = 604800
interv_h = 43200
interv_m = 14400
fctnmt = cloud

[UPDATES]
last_update_d = 2026-07-04 12:11:09.046627
last_update_h = 2026-07-04 12:22:14.360079
last_update_m = 2026-07-04 12:44:32.774459
last_update_v = 2023-10-25 16:52:16.653504

