[DEFAULT]
interv_d = 604800
interv_h = 43200
interv_m = 14400
fctnmt = cloud

[UPDATES]
last_update_d = 2024-08-09 16:10:30.364434
last_update_h = 2024-08-09 16:21:35.665174
last_update_m = 2024-08-09 12:44:16.060117
last_update_v = 2023-10-25 16:52:16.653504

