[DEFAULT]
interv_d = 604800
interv_h = 43200
interv_m = 14400
fctnmt = cloud

[UPDATES]
last_update_d = 2026-05-17 12:10:53.831836
last_update_h = 2026-05-17 12:21:53.265434
last_update_m = 2026-05-17 08:43:55.659562
last_update_v = 2023-10-25 16:52:16.653504

