[DEFAULT]
interv_d = 604800
interv_h = 43200
interv_m = 14400
fctnmt = cloud

[UPDATES]
last_update_d = 2026-04-05 00:11:04.974635
last_update_h = 2026-04-05 00:22:22.068477
last_update_m = 2026-04-04 20:43:54.015882
last_update_v = 2023-10-25 16:52:16.653504

