[DEFAULT]
interv_d = 604800
interv_h = 43200
interv_m = 14400
fctnmt = cloud

[UPDATES]
last_update_d = 2025-09-24 20:11:08.932897
last_update_h = 2025-09-24 20:22:27.453093
last_update_m = 2025-09-24 16:44:05.659485
last_update_v = 2023-10-25 16:52:16.653504

