[DEFAULT]
interv_d = 604800
interv_h = 43200
interv_m = 14400
fctnmt = cloud

[UPDATES]
last_update_d = 2024-04-30 20:10:38.168588
last_update_h = 2024-04-30 20:21:44.197070
last_update_m = 2024-04-30 16:43:28.768215
last_update_v = 2023-10-25 16:52:16.653504

