[DEFAULT]
interv_d = 604800
interv_h = 43200
interv_m = 14400
fctnmt = cloud

[UPDATES]
last_update_d = 2024-05-24 12:10:20.492668
last_update_h = 2024-05-24 12:21:28.622817
last_update_m = 2024-05-24 08:43:18.930725
last_update_v = 2023-10-25 16:52:16.653504

