[DEFAULT]
interv_d = 604800
interv_h = 43200
interv_m = 14400
fctnmt = cloud

[UPDATES]
last_update_d = 2025-11-18 16:11:02.565558
last_update_h = 2025-11-18 16:22:11.659477
last_update_m = 2025-11-18 16:45:11.590505
last_update_v = 2023-10-25 16:52:16.653504

