[DEFAULT]
interv_d = 604800
interv_h = 43200
interv_m = 14400
fctnmt = cloud

[UPDATES]
last_update_d = 2024-05-01 00:10:22.548480
last_update_h = 2024-05-01 00:21:26.960442
last_update_m = 2024-04-30 20:43:54.729179
last_update_v = 2023-10-25 16:52:16.653504

