[DEFAULT]
interv_d = 604800
interv_h = 43200
interv_m = 14400
fctnmt = cloud

[UPDATES]
last_update_d = 2025-09-22 16:11:25.585158
last_update_h = 2025-09-22 16:22:54.281617
last_update_m = 2025-09-22 12:44:18.272581
last_update_v = 2023-10-25 16:52:16.653504

