[DEFAULT]
interv_d = 604800
interv_h = 43200
interv_m = 14400
fctnmt = cloud

[UPDATES]
last_update_d = 2024-02-23 00:09:51.618013
last_update_h = 2024-02-23 00:20:37.165716
last_update_m = 2024-02-22 20:43:01.737690
last_update_v = 2023-10-25 16:52:16.653504

