[DEFAULT]
interv_d = 604800
interv_h = 43200
interv_m = 14400
fctnmt = cloud

[UPDATES]
last_update_d = 2025-03-10 00:10:48.581844
last_update_h = 2025-03-10 00:22:08.294781
last_update_m = 2025-03-10 00:44:35.812992
last_update_v = 2023-10-25 16:52:16.653504

