[DEFAULT]
interv_d = 604800
interv_h = 43200
interv_m = 14400
fctnmt = cloud

[UPDATES]
last_update_d = 2024-08-22 08:10:45.566222
last_update_h = 2024-08-22 08:22:13.432107
last_update_m = 2024-08-22 04:44:58.830900
last_update_v = 2023-10-25 16:52:16.653504

