[DEFAULT]
interv_d = 604800
interv_h = 43200
interv_m = 14400
fctnmt = cloud

[UPDATES]
last_update_d = 2025-04-08 20:10:59.188837
last_update_h = 2025-04-08 20:22:12.810938
last_update_m = 2025-04-08 20:44:44.509492
last_update_v = 2023-10-25 16:52:16.653504

