[DEFAULT]
interv_d = 604800
interv_h = 43200
interv_m = 14400
fctnmt = cloud

[UPDATES]
last_update_d = 2024-05-15 08:10:26.786175
last_update_h = 2024-05-15 08:21:27.601299
last_update_m = 2024-05-15 04:44:17.734104
last_update_v = 2023-10-25 16:52:16.653504

