[DEFAULT]
interv_d = 604800
interv_h = 43200
interv_m = 14400
fctnmt = cloud

[UPDATES]
last_update_d = 2025-04-03 00:10:57.416518
last_update_h = 2025-04-03 00:22:27.422239
last_update_m = 2025-04-03 00:45:08.400327
last_update_v = 2023-10-25 16:52:16.653504

