[DEFAULT]
interv_d = 604800
interv_h = 43200
interv_m = 14400
fctnmt = cloud

[UPDATES]
last_update_d = 2025-07-22 16:10:39.558102
last_update_h = 2025-07-22 16:21:31.342552
last_update_m = 2025-07-22 12:43:17.827771
last_update_v = 2023-10-25 16:52:16.653504

