[DEFAULT]
interv_d = 604800
interv_h = 43200
interv_m = 14400
fctnmt = cloud

[UPDATES]
last_update_d = 2026-06-15 08:11:01.237631
last_update_h = 2026-06-15 08:22:00.717452
last_update_m = 2026-06-15 08:44:19.317255
last_update_v = 2023-10-25 16:52:16.653504

