[DEFAULT]
interv_d = 604800
interv_h = 43200
interv_m = 14400
fctnmt = cloud

[UPDATES]
last_update_d = 2023-11-13 20:44:47.436301
last_update_h = 2023-11-17 21:29:44.439710
last_update_m = 2023-11-18 05:27:54.625166
last_update_v = 2023-11-18 00:41:30.835008

