[DEFAULT]
interv_d = 604800
interv_h = 43200
interv_m = 14400
fctnmt = cloud

[UPDATES]
last_update_d = 2026-02-14 20:11:12.755545
last_update_h = 2026-02-14 20:22:39.149169
last_update_m = 2026-02-14 16:44:15.575999
last_update_v = 2023-10-25 16:52:16.653504

