[DEFAULT]
interv_d = 604800
interv_h = 43200
interv_m = 14400
fctnmt = cloud

[UPDATES]
last_update_d = 2025-09-23 08:11:19.230126
last_update_h = 2025-09-23 08:22:49.343252
last_update_m = 2025-09-23 08:45:28.283495
last_update_v = 2023-10-25 16:52:16.653504

