[DEFAULT]
interv_d = 604800
interv_h = 43200
interv_m = 14400
fctnmt = cloud

[UPDATES]
last_update_d = 2025-04-07 12:10:51.481486
last_update_h = 2025-04-07 12:22:01.072095
last_update_m = 2025-04-07 12:44:12.800151
last_update_v = 2023-10-25 16:52:16.653504

