[DEFAULT]
interv_d = 604800
interv_h = 43200
interv_m = 14400
fctnmt = cloud

[UPDATES]
last_update_d = 2025-10-22 20:10:50.239434
last_update_h = 2025-10-22 20:21:59.778461
last_update_m = 2025-10-22 16:43:52.082362
last_update_v = 2023-10-25 16:52:16.653504

