[DEFAULT]
interv_d = 604800
interv_h = 43200
interv_m = 14400
fctnmt = cloud

[UPDATES]
last_update_d = 2025-06-10 16:10:40.777309
last_update_h = 2025-06-10 16:21:40.147541
last_update_m = 2025-06-10 12:43:34.678137
last_update_v = 2023-10-25 16:52:16.653504

