[DEFAULT]
interv_d = 604800
interv_h = 43200
interv_m = 14400
fctnmt = cloud

[UPDATES]
last_update_d = 2025-07-31 08:10:45.874997
last_update_h = 2025-07-31 08:21:42.753983
last_update_m = 2025-07-31 04:43:24.529989
last_update_v = 2023-10-25 16:52:16.653504

