[DEFAULT]
interv_d = 604800
interv_h = 43200
interv_m = 14400
fctnmt = cloud

[UPDATES]
last_update_d = 2025-02-21 00:10:58.912498
last_update_h = 2025-02-21 00:22:17.370027
last_update_m = 2025-02-21 00:45:01.188149
last_update_v = 2023-10-25 16:52:16.653504

