[DEFAULT]
interv_d = 604800
interv_h = 43200
interv_m = 14400
fctnmt = cloud

[UPDATES]
last_update_d = 2026-04-20 12:11:32.768173
last_update_h = 2026-04-20 12:22:32.346612
last_update_m = 2026-04-20 08:43:46.629535
last_update_v = 2023-10-25 16:52:16.653504

