[DEFAULT]
interv_d = 604800
interv_h = 43200
interv_m = 14400
fctnmt = cloud

[UPDATES]
last_update_d = 2026-07-04 04:11:05.537319
last_update_h = 2026-07-04 04:22:22.327893
last_update_m = 2026-07-04 04:44:37.754574
last_update_v = 2023-10-25 16:52:16.653504

