[DEFAULT]
interv_d = 604800
interv_h = 43200
interv_m = 14400
fctnmt = cloud

[UPDATES]
last_update_d = 2025-05-31 16:10:43.876344
last_update_h = 2025-05-31 16:21:29.774609
last_update_m = 2025-05-31 16:43:11.250349
last_update_v = 2023-10-25 16:52:16.653504

