[DEFAULT]
interv_d = 604800
interv_h = 43200
interv_m = 14400
fctnmt = cloud

[UPDATES]
last_update_d = 2024-03-08 08:10:34.665709
last_update_h = 2024-03-08 08:21:45.931167
last_update_m = 2024-03-08 08:44:12.669709
last_update_v = 2023-10-25 16:52:16.653504

