[DEFAULT]
interv_d = 604800
interv_h = 43200
interv_m = 14400
fctnmt = cloud

[UPDATES]
last_update_d = 2025-06-21 04:11:01.587482
last_update_h = 2025-06-21 04:22:04.281764
last_update_m = 2025-06-21 00:49:06.271005
last_update_v = 2023-10-25 16:52:16.653504

