[DEFAULT]
interv_d = 604800
interv_h = 43200
interv_m = 14400
fctnmt = cloud

[UPDATES]
last_update_d = 2026-01-29 08:11:03.464055
last_update_h = 2026-01-29 08:22:22.577479
last_update_m = 2026-01-29 04:44:31.046938
last_update_v = 2023-10-25 16:52:16.653504

