[DEFAULT]
interv_d = 604800
interv_h = 43200
interv_m = 14400
fctnmt = cloud

[UPDATES]
last_update_d = 2024-12-22 08:10:34.611741
last_update_h = 2024-12-22 08:21:27.456055
last_update_m = 2024-12-22 04:44:06.557262
last_update_v = 2023-10-25 16:52:16.653504

