[DEFAULT]
interv_d = 604800
interv_h = 43200
interv_m = 14400
fctnmt = cloud

[UPDATES]
last_update_d = 2024-04-16 00:10:22.752243
last_update_h = 2024-04-16 00:21:38.322805
last_update_m = 2024-04-16 00:43:36.468106
last_update_v = 2023-10-25 16:52:16.653504

