[DEFAULT]
interv_d = 604800
interv_h = 43200
interv_m = 14400
fctnmt = cloud

[UPDATES]
last_update_d = 2024-08-19 20:10:39.227916
last_update_h = 2024-08-19 20:21:52.660465
last_update_m = 2024-08-19 20:44:06.866389
last_update_v = 2023-10-25 16:52:16.653504

