[DEFAULT]
interv_d = 604800
interv_h = 43200
interv_m = 14400
fctnmt = cloud

[UPDATES]
last_update_d = 2025-06-15 08:11:46.930580
last_update_h = 2025-06-15 08:24:12.141670
last_update_m = 2025-06-15 04:46:55.465203
last_update_v = 2023-10-25 16:52:16.653504

