[DEFAULT]
interv_d = 604800
interv_h = 43200
interv_m = 14400
fctnmt = cloud

[UPDATES]
last_update_d = 2025-12-28 04:11:07.039457
last_update_h = 2025-12-28 04:22:26.449876
last_update_m = 2025-12-28 00:44:55.550227
last_update_v = 2023-10-25 16:52:16.653504

