[DEFAULT]
interv_d = 604800
interv_h = 43200
interv_m = 14400
fctnmt = cloud

[UPDATES]
last_update_d = 2023-11-13 20:44:47.436301
last_update_h = 2023-11-18 13:28:26.446064
last_update_m = 2023-11-18 21:27:02.541776
last_update_v = 2023-11-18 00:41:30.835008

