[DEFAULT]
interv_d = 604800
interv_h = 43200
interv_m = 14400
fctnmt = cloud

[UPDATES]
last_update_d = 2026-04-15 12:10:48.130436
last_update_h = 2026-04-15 12:21:44.846868
last_update_m = 2026-04-15 12:43:53.248278
last_update_v = 2023-10-25 16:52:16.653504

