[DEFAULT]
interv_d = 604800
interv_h = 43200
interv_m = 14400
fctnmt = cloud

[UPDATES]
last_update_d = 2025-06-01 16:10:38.030745
last_update_h = 2025-06-01 16:21:29.756120
last_update_m = 2025-06-01 16:43:17.251393
last_update_v = 2023-10-25 16:52:16.653504

