[DEFAULT]
interv_d = 604800
interv_h = 43200
interv_m = 14400
fctnmt = cloud

[UPDATES]
last_update_d = 2026-04-01 00:10:58.723640
last_update_h = 2026-04-01 00:22:20.867494
last_update_m = 2026-04-01 00:44:11.235677
last_update_v = 2023-10-25 16:52:16.653504

