[DEFAULT]
interv_d = 604800
interv_h = 43200
interv_m = 14400
fctnmt = cloud

[UPDATES]
last_update_d = 2025-10-04 12:11:09.075596
last_update_h = 2025-10-04 12:22:29.582672
last_update_m = 2025-10-04 08:43:59.829722
last_update_v = 2023-10-25 16:52:16.653504

