[DEFAULT]
interv_d = 604800
interv_h = 43200
interv_m = 14400
fctnmt = cloud

[UPDATES]
last_update_d = 2024-11-08 12:10:02.295861
last_update_h = 2024-11-08 12:20:20.880106
last_update_m = 2024-11-08 08:41:35.545914
last_update_v = 2023-10-25 16:52:16.653504

