[DEFAULT]
interv_d = 604800
interv_h = 43200
interv_m = 14400
fctnmt = cloud

[UPDATES]
last_update_d = 2026-06-07 16:11:02.241211
last_update_h = 2026-06-07 16:22:07.563322
last_update_m = 2026-06-07 16:44:22.047485
last_update_v = 2023-10-25 16:52:16.653504

