[DEFAULT]
interv_d = 604800
interv_h = 43200
interv_m = 14400
fctnmt = cloud

[UPDATES]
last_update_d = 2024-02-05 16:09:52.755319
last_update_h = 2024-02-05 16:20:46.239116
last_update_m = 2024-02-05 12:42:05.833532
last_update_v = 2023-10-25 16:52:16.653504

