[DEFAULT]
interv_d = 604800
interv_h = 43200
interv_m = 14400
fctnmt = cloud

[UPDATES]
last_update_d = 2024-06-12 04:10:08.111124
last_update_h = 2024-06-12 04:20:58.178329
last_update_m = 2024-06-12 04:42:50.902296
last_update_v = 2023-10-25 16:52:16.653504

