[DEFAULT]
interv_d = 604800
interv_h = 43200
interv_m = 14400
fctnmt = cloud

[UPDATES]
last_update_d = 2025-09-22 08:11:03.230399
last_update_h = 2025-09-22 08:22:15.260782
last_update_m = 2025-09-22 04:44:39.062895
last_update_v = 2023-10-25 16:52:16.653504

