[DEFAULT]
interv_d = 604800
interv_h = 43200
interv_m = 14400
fctnmt = cloud

[UPDATES]
last_update_d = 2025-07-01 16:11:51.828432
last_update_h = 2025-07-01 16:23:47.058840
last_update_m = 2025-07-01 16:47:13.873953
last_update_v = 2023-10-25 16:52:16.653504

