[DEFAULT]
interv_d = 604800
interv_h = 43200
interv_m = 14400
fctnmt = cloud

[UPDATES]
last_update_d = 2025-12-23 16:11:11.756496
last_update_h = 2025-12-23 16:22:23.068275
last_update_m = 2025-12-23 12:44:27.779930
last_update_v = 2023-10-25 16:52:16.653504

