[DEFAULT]
interv_d = 604800
interv_h = 43200
interv_m = 14400
fctnmt = cloud

[UPDATES]
last_update_d = 2024-01-03 08:09:23.463711
last_update_h = 2024-01-03 08:19:35.123643
last_update_m = 2024-01-03 08:29:58.352551
last_update_v = 2023-10-25 16:52:16.653504

