[DEFAULT]
interv_d = 604800
interv_h = 43200
interv_m = 14400
fctnmt = cloud

[UPDATES]
last_update_d = 2024-02-15 00:09:54.531508
last_update_h = 2024-02-15 00:20:40.536633
last_update_m = 2024-02-14 20:43:01.625677
last_update_v = 2023-10-25 16:52:16.653504

