[DEFAULT]
interv_d = 604800
interv_h = 43200
interv_m = 14400
fctnmt = cloud

[UPDATES]
last_update_d = 2024-10-21 08:09:58.144738
last_update_h = 2024-10-21 08:20:29.873354
last_update_m = 2024-10-21 08:41:04.244478
last_update_v = 2023-10-25 16:52:16.653504

