[DEFAULT]
interv_d = 604800
interv_h = 43200
interv_m = 14400
fctnmt = cloud

[UPDATES]
last_update_d = 2026-02-15 12:11:11.249295
last_update_h = 2026-02-15 12:22:25.150714
last_update_m = 2026-02-15 08:44:11.557789
last_update_v = 2023-10-25 16:52:16.653504

