[DEFAULT]
interv_d = 604800
interv_h = 43200
interv_m = 14400
fctnmt = cloud

[UPDATES]
last_update_d = 2024-11-24 08:09:57.981074
last_update_h = 2024-11-24 08:20:11.889045
last_update_m = 2024-11-24 04:40:43.885158
last_update_v = 2023-10-25 16:52:16.653504

