[DEFAULT]
interv_d = 604800
interv_h = 43200
interv_m = 14400
fctnmt = cloud

[UPDATES]
last_update_d = 2025-07-06 12:11:56.243188
last_update_h = 2025-07-06 12:23:59.469902
last_update_m = 2025-07-06 08:44:33.685714
last_update_v = 2023-10-25 16:52:16.653504

