[DEFAULT]
interv_d = 604800
interv_h = 43200
interv_m = 14400
fctnmt = cloud

[UPDATES]
last_update_d = 2026-06-14 16:10:50.461882
last_update_h = 2026-06-14 16:21:46.443899
last_update_m = 2026-06-14 16:43:30.562031
last_update_v = 2023-10-25 16:52:16.653504

