[DEFAULT]
interv_d = 604800
interv_h = 43200
interv_m = 14400
fctnmt = cloud

[UPDATES]
last_update_d = 2026-02-17 04:10:48.954197
last_update_h = 2026-02-17 04:21:44.541165
last_update_m = 2026-02-17 00:44:45.085758
last_update_v = 2023-10-25 16:52:16.653504

