[DEFAULT]
interv_d = 604800
interv_h = 43200
interv_m = 14400
fctnmt = cloud

[UPDATES]
last_update_d = 2026-06-15 12:10:59.040949
last_update_h = 2026-06-15 12:21:57.054148
last_update_m = 2026-06-15 12:44:05.447270
last_update_v = 2023-10-25 16:52:16.653504

