[DEFAULT]
interv_d = 604800
interv_h = 43200
interv_m = 14400
fctnmt = cloud

[UPDATES]
last_update_d = 2026-02-05 04:10:58.566219
last_update_h = 2026-02-05 04:22:03.380249
last_update_m = 2026-02-05 00:44:27.761294
last_update_v = 2023-10-25 16:52:16.653504

