[DEFAULT]
interv_d = 604800
interv_h = 43200
interv_m = 14400
fctnmt = cloud

[UPDATES]
last_update_d = 2026-03-04 04:10:49.733964
last_update_h = 2026-03-04 04:21:48.560240
last_update_m = 2026-03-04 00:44:14.645425
last_update_v = 2023-10-25 16:52:16.653504

