[DEFAULT]
interv_d = 604800
interv_h = 43200
interv_m = 14400
fctnmt = cloud

[UPDATES]
last_update_d = 2024-12-28 08:10:37.410903
last_update_h = 2024-12-28 08:21:41.578040
last_update_m = 2024-12-28 04:43:45.769489
last_update_v = 2023-10-25 16:52:16.653504

