[DEFAULT]
interv_d = 604800
interv_h = 43200
interv_m = 14400
fctnmt = cloud

[UPDATES]
last_update_d = 2025-06-18 20:10:49.258837
last_update_h = 2025-06-18 20:21:51.343709
last_update_m = 2025-06-18 16:43:36.288748
last_update_v = 2023-10-25 16:52:16.653504

