[DEFAULT]
interv_d = 604800
interv_h = 43200
interv_m = 14400
fctnmt = cloud

[UPDATES]
last_update_d = 2026-01-30 20:11:03.545167
last_update_h = 2026-01-30 20:22:14.165745
last_update_m = 2026-01-30 20:44:26.760049
last_update_v = 2023-10-25 16:52:16.653504

