[DEFAULT]
interv_d = 604800
interv_h = 43200
interv_m = 14400
fctnmt = cloud

[UPDATES]
last_update_d = 2025-07-16 00:10:38.088820
last_update_h = 2025-07-16 00:21:43.655074
last_update_m = 2025-07-15 20:43:51.374290
last_update_v = 2023-10-25 16:52:16.653504

