[DEFAULT]
interv_d = 604800
interv_h = 43200
interv_m = 14400
fctnmt = cloud

[UPDATES]
last_update_d = 2024-04-06 04:10:11.647922
last_update_h = 2024-04-06 04:21:18.231599
last_update_m = 2024-04-06 00:44:10.166033
last_update_v = 2023-10-25 16:52:16.653504

