[DEFAULT]
interv_d = 604800
interv_h = 43200
interv_m = 14400
fctnmt = cloud

[UPDATES]
last_update_d = 2026-03-16 16:10:56.267880
last_update_h = 2026-03-16 16:21:52.432617
last_update_m = 2026-03-16 16:43:49.364515
last_update_v = 2023-10-25 16:52:16.653504

