[DEFAULT]
interv_d = 604800
interv_h = 43200
interv_m = 14400
fctnmt = cloud

[UPDATES]
last_update_d = 2026-05-22 12:10:54.766335
last_update_h = 2026-05-22 12:21:50.333947
last_update_m = 2026-05-22 12:43:43.654465
last_update_v = 2023-10-25 16:52:16.653504

