[DEFAULT]
interv_d = 604800
interv_h = 43200
interv_m = 14400
fctnmt = cloud

[UPDATES]
last_update_d = 2024-01-15 20:09:39.434285
last_update_h = 2024-01-15 20:20:05.952957
last_update_m = 2024-01-15 20:41:04.323501
last_update_v = 2023-10-25 16:52:16.653504

