[DEFAULT]
interv_d = 604800
interv_h = 43200
interv_m = 14400
fctnmt = cloud

[UPDATES]
last_update_d = 2025-05-24 12:10:42.567914
last_update_h = 2025-05-24 12:21:44.540911
last_update_m = 2025-05-24 08:44:19.276512
last_update_v = 2023-10-25 16:52:16.653504

