[DEFAULT]
interv_d = 604800
interv_h = 43200
interv_m = 14400
fctnmt = cloud

[UPDATES]
last_update_d = 2024-04-22 04:10:12.354029
last_update_h = 2024-04-22 04:21:13.514735
last_update_m = 2024-04-22 04:43:33.844068
last_update_v = 2023-10-25 16:52:16.653504

