[DEFAULT]
interv_d = 604800
interv_h = 43200
interv_m = 14400
fctnmt = cloud

[UPDATES]
last_update_d = 2024-11-19 00:09:59.461744
last_update_h = 2024-11-19 00:20:18.095253
last_update_m = 2024-11-19 00:40:50.365229
last_update_v = 2023-10-25 16:52:16.653504

