[DEFAULT]
interv_d = 604800
interv_h = 43200
interv_m = 14400
fctnmt = cloud

[UPDATES]
last_update_d = 2025-01-04 12:10:52.291742
last_update_h = 2025-01-04 12:21:58.991265
last_update_m = 2025-01-04 12:44:12.754678
last_update_v = 2023-10-25 16:52:16.653504

