[DEFAULT]
interv_d = 604800
interv_h = 43200
interv_m = 14400
fctnmt = cloud

[UPDATES]
last_update_d = 2024-10-10 04:09:56.762201
last_update_h = 2024-10-10 04:20:32.743683
last_update_m = 2024-10-10 00:42:05.344461
last_update_v = 2023-10-25 16:52:16.653504

