[DEFAULT]
interv_d = 604800
interv_h = 43200
interv_m = 14400
fctnmt = cloud

[UPDATES]
last_update_d = 2025-12-30 16:11:11.149465
last_update_h = 2025-12-30 16:22:24.760919
last_update_m = 2025-12-30 12:44:38.367468
last_update_v = 2023-10-25 16:52:16.653504

