[DEFAULT]
interv_d = 604800
interv_h = 43200
interv_m = 14400
fctnmt = cloud

[UPDATES]
last_update_d = 2026-04-29 04:10:47.966611
last_update_h = 2026-04-29 04:21:53.342430
last_update_m = 2026-04-29 00:44:28.268651
last_update_v = 2023-10-25 16:52:16.653504

