[DEFAULT]
interv_d = 604800
interv_h = 43200
interv_m = 14400
fctnmt = cloud

[UPDATES]
last_update_d = 2026-03-03 20:10:49.125675
last_update_h = 2026-03-03 20:21:40.643245
last_update_m = 2026-03-03 16:43:40.719155
last_update_v = 2023-10-25 16:52:16.653504

