[DEFAULT]
interv_d = 604800
interv_h = 43200
interv_m = 14400
fctnmt = cloud

[UPDATES]
last_update_d = 2025-09-24 08:10:52.646087
last_update_h = 2025-09-24 08:21:57.783159
last_update_m = 2025-09-24 04:44:16.656569
last_update_v = 2023-10-25 16:52:16.653504

