[DEFAULT]
interv_d = 604800
interv_h = 43200
interv_m = 14400
fctnmt = cloud

[UPDATES]
last_update_d = 2024-03-06 00:09:54.353825
last_update_h = 2024-03-06 00:21:00.032827
last_update_m = 2024-03-05 20:42:54.437484
last_update_v = 2023-10-25 16:52:16.653504

