[DEFAULT]
interv_d = 604800
interv_h = 43200
interv_m = 14400
fctnmt = cloud

[UPDATES]
last_update_d = 2026-02-04 08:10:52.454434
last_update_h = 2026-02-04 08:21:52.052047
last_update_m = 2026-02-04 08:44:05.959823
last_update_v = 2023-10-25 16:52:16.653504

