[DEFAULT]
interv_d = 604800
interv_h = 43200
interv_m = 14400
fctnmt = cloud

[UPDATES]
last_update_d = 2026-05-13 20:10:49.620463
last_update_h = 2026-05-13 20:21:52.314343
last_update_m = 2026-05-13 16:43:54.467654
last_update_v = 2023-10-25 16:52:16.653504

