[DEFAULT]
interv_d = 604800
interv_h = 43200
interv_m = 14400
fctnmt = cloud

[UPDATES]
last_update_d = 2025-08-03 08:10:32.483235
last_update_h = 2025-08-03 08:21:23.969285
last_update_m = 2025-08-03 04:43:40.661823
last_update_v = 2023-10-25 16:52:16.653504

