[DEFAULT]
interv_d = 604800
interv_h = 43200
interv_m = 14400
fctnmt = cloud

[UPDATES]
last_update_d = 2024-10-19 00:09:56.892121
last_update_h = 2024-10-19 00:20:22.896916
last_update_m = 2024-10-19 00:41:06.383582
last_update_v = 2023-10-25 16:52:16.653504

