[DEFAULT]
interv_d = 604800
interv_h = 43200
interv_m = 14400
fctnmt = cloud

[UPDATES]
last_update_d = 2024-01-15 08:09:31.353166
last_update_h = 2024-01-15 08:20:01.528126
last_update_m = 2024-01-15 08:40:55.550840
last_update_v = 2023-10-25 16:52:16.653504

