[DEFAULT]
interv_d = 604800
interv_h = 43200
interv_m = 14400
fctnmt = cloud

[UPDATES]
last_update_d = 2024-11-29 00:10:02.956474
last_update_h = 2024-11-29 00:20:29.696991
last_update_m = 2024-11-28 20:41:09.755420
last_update_v = 2023-10-25 16:52:16.653504

