[DEFAULT]
interv_d = 604800
interv_h = 43200
interv_m = 14400
fctnmt = cloud

[UPDATES]
last_update_d = 2025-10-13 00:11:33.061752
last_update_h = 2025-10-13 00:23:01.563233
last_update_m = 2025-10-13 00:44:59.128212
last_update_v = 2023-10-25 16:52:16.653504

