[DEFAULT]
interv_d = 604800
interv_h = 43200
interv_m = 14400
fctnmt = cloud

[UPDATES]
last_update_d = 2024-03-20 20:10:31.739249
last_update_h = 2024-03-20 20:21:50.336097
last_update_m = 2024-03-20 16:44:29.071485
last_update_v = 2023-10-25 16:52:16.653504

