[DEFAULT]
interv_d = 604800
interv_h = 43200
interv_m = 14400
fctnmt = cloud

[UPDATES]
last_update_d = 2025-09-11 16:10:32.777738
last_update_h = 2025-09-11 16:21:22.863158
last_update_m = 2025-09-11 16:43:02.552208
last_update_v = 2023-10-25 16:52:16.653504

