[DEFAULT]
interv_d = 604800
interv_h = 43200
interv_m = 14400
fctnmt = cloud

[UPDATES]
last_update_d = 2026-06-08 00:10:58.399636
last_update_h = 2026-06-08 00:22:17.771068
last_update_m = 2026-06-07 20:44:29.962776
last_update_v = 2023-10-25 16:52:16.653504

