[DEFAULT]
interv_d = 604800
interv_h = 43200
interv_m = 14400
fctnmt = cloud

[UPDATES]
last_update_d = 2024-03-26 08:10:15.762258
last_update_h = 2024-03-26 08:21:15.625636
last_update_m = 2024-03-26 04:43:50.567764
last_update_v = 2023-10-25 16:52:16.653504

