[DEFAULT]
interv_d = 604800
interv_h = 43200
interv_m = 14400
fctnmt = cloud

[UPDATES]
last_update_d = 2025-11-20 04:11:07.930426
last_update_h = 2025-11-20 04:22:31.340050
last_update_m = 2025-11-20 00:45:04.467787
last_update_v = 2023-10-25 16:52:16.653504

