[DEFAULT]
interv_d = 604800
interv_h = 43200
interv_m = 14400
fctnmt = cloud

[UPDATES]
last_update_d = 2023-10-24 15:18:15.934823
last_update_h = 2023-12-27 20:10:22.153271
last_update_m = 2023-12-27 20:31:10.840559
last_update_v = 2023-10-25 16:52:16.653504

