[DEFAULT]
interv_d = 604800
interv_h = 43200
interv_m = 14400
fctnmt = cloud

[UPDATES]
last_update_d = 2024-03-23 00:10:12.644454
last_update_h = 2024-03-23 00:21:12.068950
last_update_m = 2024-03-22 20:43:54.116613
last_update_v = 2023-10-25 16:52:16.653504

