[DEFAULT]
interv_d = 604800
interv_h = 43200
interv_m = 14400
fctnmt = cloud

[UPDATES]
last_update_d = 2023-11-21 01:27:58.228067
last_update_h = 2023-11-23 01:27:26.958937
last_update_m = 2023-11-23 09:26:37.137187
last_update_v = 2023-11-23 04:29:34.446154

