[DEFAULT]
interv_d = 604800
interv_h = 43200
interv_m = 14400
fctnmt = cloud

[UPDATES]
last_update_d = 2025-09-12 16:10:45.669912
last_update_h = 2025-09-12 16:21:38.546420
last_update_m = 2025-09-12 12:43:00.950039
last_update_v = 2023-10-25 16:52:16.653504

