[DEFAULT]
interv_d = 604800
interv_h = 43200
interv_m = 14400
fctnmt = cloud

[UPDATES]
last_update_d = 2025-09-08 12:10:47.649056
last_update_h = 2025-09-08 12:21:48.952261
last_update_m = 2025-09-08 08:43:51.569806
last_update_v = 2023-10-25 16:52:16.653504

