[DEFAULT]
interv_d = 604800
interv_h = 43200
interv_m = 14400
fctnmt = cloud

[UPDATES]
last_update_d = 2023-11-06 19:30:59.649422
last_update_h = 2023-11-10 12:46:16.947572
last_update_m = 2023-11-10 04:46:24.533146
last_update_v = 2023-11-09 22:14:34.548100

