[DEFAULT]
interv_d = 604800
interv_h = 43200
interv_m = 14400
fctnmt = cloud

[UPDATES]
last_update_d = 2025-03-04 12:10:47.667904
last_update_h = 2025-03-04 12:21:51.291076
last_update_m = 2025-03-04 12:43:46.465133
last_update_v = 2023-10-25 16:52:16.653504

