[DEFAULT]
interv_d = 604800
interv_h = 43200
interv_m = 14400
fctnmt = cloud

[UPDATES]
last_update_d = 2024-04-06 00:10:29.161898
last_update_h = 2024-04-06 00:21:37.962712
last_update_m = 2024-04-05 20:43:55.533614
last_update_v = 2023-10-25 16:52:16.653504

