[DEFAULT]
interv_d = 604800
interv_h = 43200
interv_m = 14400
fctnmt = cloud

[UPDATES]
last_update_d = 2024-08-04 00:10:28.135176
last_update_h = 2024-08-04 00:21:26.563441
last_update_m = 2024-08-03 20:43:20.434380
last_update_v = 2023-10-25 16:52:16.653504

