[DEFAULT]
interv_d = 604800
interv_h = 43200
interv_m = 14400
fctnmt = cloud

[UPDATES]
last_update_d = 2024-10-20 08:09:50.597000
last_update_h = 2024-10-20 08:20:15.767640
last_update_m = 2024-10-20 08:41:37.380863
last_update_v = 2023-10-25 16:52:16.653504

