[DEFAULT]
interv_d = 604800
interv_h = 43200
interv_m = 14400
fctnmt = cloud

[UPDATES]
last_update_d = 2025-02-26 04:10:52.767144
last_update_h = 2025-02-26 04:22:04.193084
last_update_m = 2025-02-26 04:44:25.183030
last_update_v = 2023-10-25 16:52:16.653504

