[DEFAULT]
interv_d = 604800
interv_h = 43200
interv_m = 14400
fctnmt = cloud

[UPDATES]
last_update_d = 2024-01-14 04:09:30.532461
last_update_h = 2024-01-14 04:20:00.646021
last_update_m = 2024-01-14 00:40:56.915860
last_update_v = 2023-10-25 16:52:16.653504

