[DEFAULT]
interv_d = 604800
interv_h = 43200
interv_m = 14400
fctnmt = cloud

[UPDATES]
last_update_d = 2024-04-26 08:10:15.629743
last_update_h = 2024-04-26 08:21:19.439125
last_update_m = 2024-04-26 08:43:30.849529
last_update_v = 2023-10-25 16:52:16.653504

