[DEFAULT]
interv_d = 604800
interv_h = 43200
interv_m = 14400
fctnmt = cloud

[UPDATES]
last_update_d = 2026-01-26 16:10:54.763990
last_update_h = 2026-01-26 16:21:57.064538
last_update_m = 2026-01-26 12:44:52.647382
last_update_v = 2023-10-25 16:52:16.653504

