[DEFAULT]
interv_d = 604800
interv_h = 43200
interv_m = 14400
fctnmt = cloud

[UPDATES]
last_update_d = 2025-08-25 00:10:54.878674
last_update_h = 2025-08-25 00:22:25.058869
last_update_m = 2025-08-25 00:44:44.059060
last_update_v = 2023-10-25 16:52:16.653504

