[DEFAULT]
interv_d = 604800
interv_h = 43200
interv_m = 14400
fctnmt = cloud

[UPDATES]
last_update_d = 2024-12-23 08:10:29.201923
last_update_h = 2024-12-23 08:21:31.191033
last_update_m = 2024-12-23 04:44:00.795022
last_update_v = 2023-10-25 16:52:16.653504

