[DEFAULT]
interv_d = 604800
interv_h = 43200
interv_m = 14400
fctnmt = cloud

[UPDATES]
last_update_d = 2026-05-22 04:10:52.358137
last_update_h = 2026-05-22 04:21:52.449946
last_update_m = 2026-05-22 04:43:53.630671
last_update_v = 2023-10-25 16:52:16.653504

