[DEFAULT]
interv_d = 604800
interv_h = 43200
interv_m = 14400
fctnmt = cloud

[UPDATES]
last_update_d = 2024-10-22 16:09:59.178669
last_update_h = 2024-10-22 16:20:26.356611
last_update_m = 2024-10-22 12:41:25.082064
last_update_v = 2023-10-25 16:52:16.653504

