[DEFAULT]
interv_d = 604800
interv_h = 43200
interv_m = 14400
fctnmt = cloud

[UPDATES]
last_update_d = 2024-08-01 04:10:36.936989
last_update_h = 2024-08-01 04:21:50.314187
last_update_m = 2024-08-01 04:44:15.447476
last_update_v = 2023-10-25 16:52:16.653504

