[DEFAULT]
interv_d = 604800
interv_h = 43200
interv_m = 14400
fctnmt = cloud

[UPDATES]
last_update_d = 2025-02-23 00:10:50.213564
last_update_h = 2025-02-23 00:22:03.307836
last_update_m = 2025-02-23 00:44:16.801464
last_update_v = 2023-10-25 16:52:16.653504

