[DEFAULT]
interv_d = 604800
interv_h = 43200
interv_m = 14400
fctnmt = cloud

[UPDATES]
last_update_d = 2026-02-10 04:10:49.545529
last_update_h = 2026-02-10 04:21:45.556606
last_update_m = 2026-02-09 20:44:22.567641
last_update_v = 2023-10-25 16:52:16.653504

