[DEFAULT]
interv_d = 604800
interv_h = 43200
interv_m = 14400
fctnmt = cloud

[UPDATES]
last_update_d = 2026-03-03 08:10:42.150317
last_update_h = 2026-03-03 08:21:37.356705
last_update_m = 2026-03-03 04:44:31.960318
last_update_v = 2023-10-25 16:52:16.653504

