[DEFAULT]
interv_d = 604800
interv_h = 43200
interv_m = 14400
fctnmt = cloud

[UPDATES]
last_update_d = 2024-09-07 12:10:23.873573
last_update_h = 2024-09-07 12:21:31.556227
last_update_m = 2024-09-07 08:42:45.779748
last_update_v = 2023-10-25 16:52:16.653504

