[DEFAULT]
interv_d = 604800
interv_h = 43200
interv_m = 14400
fctnmt = cloud

[UPDATES]
last_update_d = 2025-04-05 16:11:00.405691
last_update_h = 2025-04-05 16:22:22.900912
last_update_m = 2025-04-05 12:44:28.893449
last_update_v = 2023-10-25 16:52:16.653504

