[DEFAULT]
interv_d = 604800
interv_h = 43200
interv_m = 14400
fctnmt = cloud

[UPDATES]
last_update_d = 2026-02-26 00:11:07.978125
last_update_h = 2026-02-26 00:22:42.653903
last_update_m = 2026-02-25 20:44:53.939706
last_update_v = 2023-10-25 16:52:16.653504

