[DEFAULT]
interv_d = 604800
interv_h = 43200
interv_m = 14400
fctnmt = cloud

[UPDATES]
last_update_d = 2025-05-19 04:10:44.981265
last_update_h = 2025-05-19 04:21:40.730952
last_update_m = 2025-05-19 00:44:03.352669
last_update_v = 2023-10-25 16:52:16.653504

