[DEFAULT]
interv_d = 604800
interv_h = 43200
interv_m = 14400
fctnmt = cloud

[UPDATES]
last_update_d = 2025-11-07 16:11:11.852866
last_update_h = 2025-11-07 16:22:42.680814
last_update_m = 2025-11-07 12:46:24.271608
last_update_v = 2023-10-25 16:52:16.653504

