[DEFAULT]
interv_d = 604800
interv_h = 43200
interv_m = 14400
fctnmt = cloud

[UPDATES]
last_update_d = 2026-04-23 16:10:58.644583
last_update_h = 2026-04-23 16:21:53.348844
last_update_m = 2026-04-23 16:43:38.145224
last_update_v = 2023-10-25 16:52:16.653504

