[DEFAULT]
interv_d = 604800
interv_h = 43200
interv_m = 14400
fctnmt = cloud

[UPDATES]
last_update_d = 2025-12-15 08:11:09.359239
last_update_h = 2025-12-15 08:22:24.356739
last_update_m = 2025-12-15 08:44:54.546444
last_update_v = 2023-10-25 16:52:16.653504

