[DEFAULT]
interv_d = 604800
interv_h = 43200
interv_m = 14400
fctnmt = cloud

[UPDATES]
last_update_d = 2024-04-04 00:10:11.131256
last_update_h = 2024-04-04 00:21:40.316076
last_update_m = 2024-04-03 20:44:05.050262
last_update_v = 2023-10-25 16:52:16.653504

