[DEFAULT]
interv_d = 604800
interv_h = 43200
interv_m = 14400
fctnmt = cloud

[UPDATES]
last_update_d = 2024-04-17 16:10:24.959758
last_update_h = 2024-04-17 16:21:32.960922
last_update_m = 2024-04-17 16:43:55.831832
last_update_v = 2023-10-25 16:52:16.653504

