[DEFAULT]
interv_d = 604800
interv_h = 43200
interv_m = 14400
fctnmt = cloud

[UPDATES]
last_update_d = 2024-09-11 20:10:31.256239
last_update_h = 2024-09-11 20:21:36.886188
last_update_m = 2024-09-11 20:43:37.691837
last_update_v = 2023-10-25 16:52:16.653504

