[DEFAULT]
interv_d = 604800
interv_h = 43200
interv_m = 14400
fctnmt = cloud

[UPDATES]
last_update_d = 2024-10-02 16:10:10.498363
last_update_h = 2024-10-02 16:20:56.758303
last_update_m = 2024-10-02 12:41:30.061638
last_update_v = 2023-10-25 16:52:16.653504

