[DEFAULT]
interv_d = 604800
interv_h = 43200
interv_m = 14400
fctnmt = cloud

[UPDATES]
last_update_d = 2025-05-10 00:10:44.773410
last_update_h = 2025-05-10 00:21:53.227349
last_update_m = 2025-05-09 20:43:42.343663
last_update_v = 2023-10-25 16:52:16.653504

