[DEFAULT]
interv_d = 604800
interv_h = 43200
interv_m = 14400
fctnmt = cloud

[UPDATES]
last_update_d = 2024-12-08 12:10:36.274860
last_update_h = 2024-12-08 12:21:36.108434
last_update_m = 2024-12-08 12:43:30.794997
last_update_v = 2023-10-25 16:52:16.653504

