[DEFAULT]
interv_d = 604800
interv_h = 43200
interv_m = 14400
fctnmt = cloud

[UPDATES]
last_update_d = 2025-05-24 04:10:43.652521
last_update_h = 2025-05-24 04:21:51.251594
last_update_m = 2025-05-24 04:44:08.733767
last_update_v = 2023-10-25 16:52:16.653504

