[DEFAULT]
interv_d = 604800
interv_h = 43200
interv_m = 14400
fctnmt = cloud

[UPDATES]
last_update_d = 2024-03-17 20:10:25.462340
last_update_h = 2024-03-17 20:21:40.723233
last_update_m = 2024-03-17 20:44:03.369292
last_update_v = 2023-10-25 16:52:16.653504

