[DEFAULT]
interv_d = 604800
interv_h = 43200
interv_m = 14400
fctnmt = cloud

[UPDATES]
last_update_d = 2025-01-18 04:10:42.826792
last_update_h = 2025-01-18 04:21:43.901771
last_update_m = 2025-01-18 04:43:58.508298
last_update_v = 2023-10-25 16:52:16.653504

