[DEFAULT]
interv_d = 604800
interv_h = 43200
interv_m = 14400
fctnmt = cloud

[UPDATES]
last_update_d = 2025-04-24 12:10:57.057898
last_update_h = 2025-04-24 12:22:00.887173
last_update_m = 2025-04-24 08:44:28.096747
last_update_v = 2023-10-25 16:52:16.653504

