[DEFAULT]
interv_d = 604800
interv_h = 43200
interv_m = 14400
fctnmt = cloud

[UPDATES]
last_update_d = 2025-08-27 20:10:57.483004
last_update_h = 2025-08-27 20:22:02.748960
last_update_m = 2025-08-27 20:44:05.362599
last_update_v = 2023-10-25 16:52:16.653504

