[DEFAULT]
interv_d = 604800
interv_h = 43200
interv_m = 14400
fctnmt = cloud

[UPDATES]
last_update_d = 2025-04-07 16:10:45.584233
last_update_h = 2025-04-07 16:21:41.473647
last_update_m = 2025-04-07 16:43:41.656835
last_update_v = 2023-10-25 16:52:16.653504

