[DEFAULT]
interv_d = 604800
interv_h = 43200
interv_m = 14400
fctnmt = cloud

[UPDATES]
last_update_d = 2024-06-10 16:10:10.817363
last_update_h = 2024-06-10 16:21:08.820586
last_update_m = 2024-06-10 12:42:58.431162
last_update_v = 2023-10-25 16:52:16.653504

