[DEFAULT]
interv_d = 604800
interv_h = 43200
interv_m = 14400
fctnmt = cloud

[UPDATES]
last_update_d = 2025-01-13 00:10:51.474874
last_update_h = 2025-01-13 00:22:11.671855
last_update_m = 2025-01-13 00:44:18.190085
last_update_v = 2023-10-25 16:52:16.653504

