[DEFAULT]
interv_d = 604800
interv_h = 43200
interv_m = 14400
fctnmt = cloud

[UPDATES]
last_update_d = 2025-05-25 08:10:39.039027
last_update_h = 2025-05-25 08:21:29.566458
last_update_m = 2025-05-25 08:43:08.938820
last_update_v = 2023-10-25 16:52:16.653504

