[DEFAULT]
interv_d = 604800
interv_h = 43200
interv_m = 14400
fctnmt = cloud

[UPDATES]
last_update_d = 2025-05-08 04:10:42.491494
last_update_h = 2025-05-08 04:21:47.876037
last_update_m = 2025-05-08 04:43:57.972544
last_update_v = 2023-10-25 16:52:16.653504

