[DEFAULT]
interv_d = 604800
interv_h = 43200
interv_m = 14400
fctnmt = cloud

[UPDATES]
last_update_d = 2024-05-18 00:10:26.080299
last_update_h = 2024-05-18 00:21:29.829708
last_update_m = 2024-05-18 00:42:53.317968
last_update_v = 2023-10-25 16:52:16.653504

