[DEFAULT]
interv_d = 604800
interv_h = 43200
interv_m = 14400
fctnmt = cloud

[UPDATES]
last_update_d = 2024-02-11 08:10:02.659370
last_update_h = 2024-02-11 08:20:39.132800
last_update_m = 2024-02-11 04:41:53.134067
last_update_v = 2023-10-25 16:52:16.653504

