[DEFAULT]
interv_d = 604800
interv_h = 43200
interv_m = 14400
fctnmt = cloud

[UPDATES]
last_update_d = 2024-08-16 08:10:40.950736
last_update_h = 2024-08-16 08:21:51.553507
last_update_m = 2024-08-16 04:44:35.529517
last_update_v = 2023-10-25 16:52:16.653504

