[DEFAULT]
interv_d = 604800
interv_h = 43200
interv_m = 14400
fctnmt = cloud

[UPDATES]
last_update_d = 2024-05-06 12:10:23.235237
last_update_h = 2024-05-06 12:21:40.115445
last_update_m = 2024-05-06 08:43:38.966396
last_update_v = 2023-10-25 16:52:16.653504

