[DEFAULT]
interv_d = 604800
interv_h = 43200
interv_m = 14400
fctnmt = cloud

[UPDATES]
last_update_d = 2024-10-13 08:09:48.485239
last_update_h = 2024-10-13 08:20:12.073438
last_update_m = 2024-10-13 04:42:12.360031
last_update_v = 2023-10-25 16:52:16.653504

