[DEFAULT]
interv_d = 604800
interv_h = 43200
interv_m = 14400
fctnmt = cloud

[UPDATES]
last_update_d = 2025-09-03 08:10:55.773451
last_update_h = 2025-09-03 08:22:00.245702
last_update_m = 2025-09-03 08:44:02.630586
last_update_v = 2023-10-25 16:52:16.653504

