[DEFAULT]
interv_d = 604800
interv_h = 43200
interv_m = 14400
fctnmt = cloud

[UPDATES]
last_update_d = 2025-11-01 12:10:51.229587
last_update_h = 2025-11-01 12:22:05.770555
last_update_m = 2025-11-01 12:44:11.165394
last_update_v = 2023-10-25 16:52:16.653504

