[DEFAULT]
interv_d = 604800
interv_h = 43200
interv_m = 14400
fctnmt = cloud

[UPDATES]
last_update_d = 2024-04-18 16:10:21.257158
last_update_h = 2024-04-18 16:21:33.223417
last_update_m = 2024-04-18 16:43:52.669472
last_update_v = 2023-10-25 16:52:16.653504

