[DEFAULT]
interv_d = 604800
interv_h = 43200
interv_m = 14400
fctnmt = cloud

[UPDATES]
last_update_d = 2025-06-17 08:11:23.076740
last_update_h = 2025-06-17 08:23:07.864917
last_update_m = 2025-06-17 08:47:02.962132
last_update_v = 2023-10-25 16:52:16.653504

