[DEFAULT]
interv_d = 604800
interv_h = 43200
interv_m = 14400
fctnmt = cloud

[UPDATES]
last_update_d = 2025-02-08 00:10:42.166202
last_update_h = 2025-02-08 00:22:02.857144
last_update_m = 2025-02-07 20:43:30.874614
last_update_v = 2023-10-25 16:52:16.653504

