[DEFAULT]
interv_d = 604800
interv_h = 43200
interv_m = 14400
fctnmt = cloud

[UPDATES]
last_update_d = 2025-08-06 00:10:45.730092
last_update_h = 2025-08-06 00:21:51.455045
last_update_m = 2025-08-05 20:43:24.142762
last_update_v = 2023-10-25 16:52:16.653504

