[DEFAULT]
interv_d = 604800
interv_h = 43200
interv_m = 14400
fctnmt = cloud

[UPDATES]
last_update_d = 2026-03-04 16:10:50.446350
last_update_h = 2026-03-04 16:21:47.260654
last_update_m = 2026-03-04 16:43:33.033067
last_update_v = 2023-10-25 16:52:16.653504

