[DEFAULT]
interv_d = 604800
interv_h = 43200
interv_m = 14400
fctnmt = cloud

[UPDATES]
last_update_d = 2024-10-29 20:10:13.961374
last_update_h = 2024-10-29 20:20:36.444754
last_update_m = 2024-10-29 16:40:37.690957
last_update_v = 2023-10-25 16:52:16.653504

