[DEFAULT]
interv_d = 604800
interv_h = 43200
interv_m = 14400
fctnmt = cloud

[UPDATES]
last_update_d = 2024-02-02 20:09:51.067152
last_update_h = 2024-02-02 20:20:38.052564
last_update_m = 2024-02-02 20:42:07.340531
last_update_v = 2023-10-25 16:52:16.653504

