[DEFAULT]
interv_d = 604800
interv_h = 43200
interv_m = 14400
fctnmt = cloud

[UPDATES]
last_update_d = 2025-05-12 08:10:27.653826
last_update_h = 2025-05-12 08:21:18.857082
last_update_m = 2025-05-12 08:42:57.371547
last_update_v = 2023-10-25 16:52:16.653504

