[DEFAULT]
interv_d = 604800
interv_h = 43200
interv_m = 14400
fctnmt = cloud

[UPDATES]
last_update_d = 2026-02-21 00:11:14.083211
last_update_h = 2026-02-21 00:22:46.464593
last_update_m = 2026-02-20 20:44:14.861028
last_update_v = 2023-10-25 16:52:16.653504

