[DEFAULT]
interv_d = 604800
interv_h = 43200
interv_m = 14400
fctnmt = cloud

[UPDATES]
last_update_d = 2024-07-19 08:10:17.649030
last_update_h = 2024-07-19 08:20:58.147202
last_update_m = 2024-07-19 04:42:22.958026
last_update_v = 2023-10-25 16:52:16.653504

