[DEFAULT]
interv_d = 604800
interv_h = 43200
interv_m = 14400
fctnmt = cloud

[UPDATES]
last_update_d = 2024-11-04 20:09:57.474645
last_update_h = 2024-11-04 20:20:16.897949
last_update_m = 2024-11-04 16:41:23.063601
last_update_v = 2023-10-25 16:52:16.653504

