[DEFAULT]
interv_d = 604800
interv_h = 43200
interv_m = 14400
fctnmt = cloud

[UPDATES]
last_update_d = 2024-08-16 12:10:50.211782
last_update_h = 2024-08-16 12:22:07.650485
last_update_m = 2024-08-16 12:44:53.761381
last_update_v = 2023-10-25 16:52:16.653504

