[DEFAULT]
interv_d = 604800
interv_h = 43200
interv_m = 14400
fctnmt = cloud

[UPDATES]
last_update_d = 2024-12-16 12:10:46.999236
last_update_h = 2024-12-16 12:22:06.071445
last_update_m = 2024-12-16 08:44:03.004086
last_update_v = 2023-10-25 16:52:16.653504

