[DEFAULT]
interv_d = 604800
interv_h = 43200
interv_m = 14400
fctnmt = cloud

[UPDATES]
last_update_d = 2024-12-23 12:10:38.592083
last_update_h = 2024-12-23 12:21:35.678390
last_update_m = 2024-12-23 12:43:33.880432
last_update_v = 2023-10-25 16:52:16.653504

