[DEFAULT]
interv_d = 604800
interv_h = 43200
interv_m = 14400
fctnmt = cloud

[UPDATES]
last_update_d = 2024-10-15 12:09:57.668732
last_update_h = 2024-10-15 12:20:17.257307
last_update_m = 2024-10-15 08:40:53.945753
last_update_v = 2023-10-25 16:52:16.653504

