[DEFAULT]
interv_d = 604800
interv_h = 43200
interv_m = 14400
fctnmt = cloud

[UPDATES]
last_update_d = 2024-06-28 00:10:19.700071
last_update_h = 2024-06-28 00:21:36.753227
last_update_m = 2024-06-27 20:43:05.171974
last_update_v = 2023-10-25 16:52:16.653504

