[DEFAULT]
interv_d = 604800
interv_h = 43200
interv_m = 14400
fctnmt = cloud

[UPDATES]
last_update_d = 2026-02-25 00:10:44.790066
last_update_h = 2026-02-25 00:22:00.582274
last_update_m = 2026-02-24 20:43:49.144878
last_update_v = 2023-10-25 16:52:16.653504

