[DEFAULT]
interv_d = 604800
interv_h = 43200
interv_m = 14400
fctnmt = cloud

[UPDATES]
last_update_d = 2025-11-23 00:11:20.056830
last_update_h = 2025-11-23 00:22:48.242060
last_update_m = 2025-11-23 00:45:29.745982
last_update_v = 2023-10-25 16:52:16.653504

