[DEFAULT]
interv_d = 604800
interv_h = 43200
interv_m = 14400
fctnmt = cloud

[UPDATES]
last_update_d = 2024-01-06 08:11:11.450386
last_update_h = 2024-01-06 08:24:10.835579
last_update_m = 2024-01-06 08:49:38.742902
last_update_v = 2023-10-25 16:52:16.653504

