[DEFAULT]
interv_d = 604800
interv_h = 43200
interv_m = 14400
fctnmt = cloud

[UPDATES]
last_update_d = 2024-02-23 08:10:02.254759
last_update_h = 2024-02-23 08:20:56.317301
last_update_m = 2024-02-23 04:42:24.962417
last_update_v = 2023-10-25 16:52:16.653504

