[DEFAULT]
interv_d = 604800
interv_h = 43200
interv_m = 14400
fctnmt = cloud

[UPDATES]
last_update_d = 2024-10-17 08:09:57.844395
last_update_h = 2024-10-17 08:20:24.784201
last_update_m = 2024-10-17 08:41:37.259762
last_update_v = 2023-10-25 16:52:16.653504

