[DEFAULT]
interv_d = 604800
interv_h = 43200
interv_m = 14400
fctnmt = cloud

[UPDATES]
last_update_d = 2025-10-04 20:10:58.750035
last_update_h = 2025-10-04 20:22:03.852503
last_update_m = 2025-10-04 16:45:23.966499
last_update_v = 2023-10-25 16:52:16.653504

