[DEFAULT]
interv_d = 604800
interv_h = 43200
interv_m = 14400
fctnmt = cloud

[UPDATES]
last_update_d = 2025-05-01 16:10:58.168781
last_update_h = 2025-05-01 16:22:06.979659
last_update_m = 2025-05-01 12:44:25.855279
last_update_v = 2023-10-25 16:52:16.653504

