[DEFAULT]
interv_d = 604800
interv_h = 43200
interv_m = 14400
fctnmt = cloud

[UPDATES]
last_update_d = 2024-01-22 00:09:53.962874
last_update_h = 2024-01-22 00:20:47.363050
last_update_m = 2024-01-22 00:42:21.128255
last_update_v = 2023-10-25 16:52:16.653504

