[DEFAULT]
interv_d = 604800
interv_h = 43200
interv_m = 14400
fctnmt = cloud

[UPDATES]
last_update_d = 2024-11-21 12:09:53.255734
last_update_h = 2024-11-21 12:20:13.861158
last_update_m = 2024-11-21 12:40:51.470735
last_update_v = 2023-10-25 16:52:16.653504

