[DEFAULT]
interv_d = 604800
interv_h = 43200
interv_m = 14400
fctnmt = cloud

[UPDATES]
last_update_d = 2024-11-06 16:09:59.262377
last_update_h = 2024-11-06 16:20:25.658965
last_update_m = 2024-11-06 12:41:39.279904
last_update_v = 2023-10-25 16:52:16.653504

