[DEFAULT]
interv_d = 604800
interv_h = 43200
interv_m = 14400
fctnmt = cloud

[UPDATES]
last_update_d = 2026-04-20 04:10:50.152382
last_update_h = 2026-04-20 04:21:52.548981
last_update_m = 2026-04-20 04:44:16.032072
last_update_v = 2023-10-25 16:52:16.653504

