[DEFAULT]
interv_d = 604800
interv_h = 43200
interv_m = 14400
fctnmt = cloud

[UPDATES]
last_update_d = 2025-10-23 08:10:49.059905
last_update_h = 2025-10-23 08:21:40.468379
last_update_m = 2025-10-23 08:43:23.670589
last_update_v = 2023-10-25 16:52:16.653504

