[DEFAULT]
interv_d = 604800
interv_h = 43200
interv_m = 14400
fctnmt = cloud

[UPDATES]
last_update_d = 2026-05-29 16:10:50.813992
last_update_h = 2026-05-29 16:21:49.960121
last_update_m = 2026-05-29 12:44:08.859600
last_update_v = 2023-10-25 16:52:16.653504

