[DEFAULT]
interv_d = 604800
interv_h = 43200
interv_m = 14400
fctnmt = cloud

[UPDATES]
last_update_d = 2024-09-04 20:10:14.694685
last_update_h = 2024-09-04 20:20:55.594353
last_update_m = 2024-09-04 16:42:55.546816
last_update_v = 2023-10-25 16:52:16.653504

