[DEFAULT]
interv_d = 604800
interv_h = 43200
interv_m = 14400
fctnmt = cloud

[UPDATES]
last_update_d = 2024-12-01 16:10:53.972812
last_update_h = 2024-12-01 16:22:10.566880
last_update_m = 2024-12-01 12:44:12.892634
last_update_v = 2023-10-25 16:52:16.653504

