[DEFAULT]
interv_d = 604800
interv_h = 43200
interv_m = 14400
fctnmt = cloud

[UPDATES]
last_update_d = 2025-03-10 20:10:43.661418
last_update_h = 2025-03-10 20:21:38.569759
last_update_m = 2025-03-10 16:43:36.071002
last_update_v = 2023-10-25 16:52:16.653504

