[DEFAULT]
interv_d = 604800
interv_h = 43200
interv_m = 14400
fctnmt = cloud

[UPDATES]
last_update_d = 2025-12-05 16:11:01.067136
last_update_h = 2025-12-05 16:22:11.552348
last_update_m = 2025-12-05 12:44:34.472171
last_update_v = 2023-10-25 16:52:16.653504

