[DEFAULT]
interv_d = 604800
interv_h = 43200
interv_m = 14400
fctnmt = cloud

[UPDATES]
last_update_d = 2025-06-18 04:11:39.263948
last_update_h = 2025-06-18 04:23:39.442979
last_update_m = 2025-06-18 00:47:57.985010
last_update_v = 2023-10-25 16:52:16.653504

