[DEFAULT]
interv_d = 604800
interv_h = 43200
interv_m = 14400
fctnmt = cloud

[UPDATES]
last_update_d = 2025-03-25 12:10:53.386110
last_update_h = 2025-03-25 12:22:04.481501
last_update_m = 2025-03-25 08:44:25.676452
last_update_v = 2023-10-25 16:52:16.653504

