[DEFAULT]
interv_d = 604800
interv_h = 43200
interv_m = 14400
fctnmt = cloud

[UPDATES]
last_update_d = 2025-09-24 00:11:13.970056
last_update_h = 2025-09-24 00:22:56.967675
last_update_m = 2025-09-23 20:45:00.766143
last_update_v = 2023-10-25 16:52:16.653504

