[DEFAULT]
interv_d = 604800
interv_h = 43200
interv_m = 14400
fctnmt = cloud

[UPDATES]
last_update_d = 2025-06-14 00:11:45.766090
last_update_h = 2025-06-14 00:23:58.847033
last_update_m = 2025-06-13 20:46:03.559944
last_update_v = 2023-10-25 16:52:16.653504

