[DEFAULT]
interv_d = 604800
interv_h = 43200
interv_m = 14400
fctnmt = cloud

[UPDATES]
last_update_d = 2025-04-03 04:10:57.996533
last_update_h = 2025-04-03 04:22:10.596203
last_update_m = 2025-04-03 04:44:35.889237
last_update_v = 2023-10-25 16:52:16.653504

