[DEFAULT]
interv_d = 604800
interv_h = 43200
interv_m = 14400
fctnmt = cloud

[UPDATES]
last_update_d = 2026-01-29 04:11:03.244499
last_update_h = 2026-01-29 04:22:09.858634
last_update_m = 2026-01-29 00:45:41.054207
last_update_v = 2023-10-25 16:52:16.653504

