[DEFAULT]
interv_d = 604800
interv_h = 43200
interv_m = 14400
fctnmt = cloud

[UPDATES]
last_update_d = 2025-11-07 08:11:30.772590
last_update_h = 2025-11-07 08:23:04.276188
last_update_m = 2025-11-07 08:46:08.062785
last_update_v = 2023-10-25 16:52:16.653504

