[DEFAULT]
interv_d = 604800
interv_h = 43200
interv_m = 14400
fctnmt = cloud

[UPDATES]
last_update_d = 2024-04-28 12:10:13.171698
last_update_h = 2024-04-28 12:21:21.459319
last_update_m = 2024-04-28 08:43:29.767491
last_update_v = 2023-10-25 16:52:16.653504

