[DEFAULT]
interv_d = 604800
interv_h = 43200
interv_m = 14400
fctnmt = cloud

[UPDATES]
last_update_d = 2025-09-17 20:10:44.863177
last_update_h = 2025-09-17 20:21:36.344611
last_update_m = 2025-09-17 16:43:22.351907
last_update_v = 2023-10-25 16:52:16.653504

