[DEFAULT]
interv_d = 604800
interv_h = 43200
interv_m = 14400
fctnmt = cloud

[UPDATES]
last_update_d = 2025-12-29 12:11:09.359898
last_update_h = 2025-12-29 12:22:20.056022
last_update_m = 2025-12-29 12:33:30.658648
last_update_v = 2023-10-25 16:52:16.653504

