[DEFAULT]
interv_d = 604800
interv_h = 43200
interv_m = 14400
fctnmt = cloud

[UPDATES]
last_update_d = 2025-07-10 20:10:39.739338
last_update_h = 2025-07-10 20:21:31.248152
last_update_m = 2025-07-10 20:43:12.548716
last_update_v = 2023-10-25 16:52:16.653504

