[DEFAULT]
interv_d = 604800
interv_h = 43200
interv_m = 14400
fctnmt = cloud

[UPDATES]
last_update_d = 2026-02-22 00:11:08.771422
last_update_h = 2026-02-22 00:22:32.640309
last_update_m = 2026-02-22 00:44:52.654007
last_update_v = 2023-10-25 16:52:16.653504

