[DEFAULT]
interv_d = 604800
interv_h = 43200
interv_m = 14400
fctnmt = cloud

[UPDATES]
last_update_d = 2024-07-16 00:10:31.192450
last_update_h = 2024-07-16 00:21:42.596227
last_update_m = 2024-07-16 00:43:33.777311
last_update_v = 2023-10-25 16:52:16.653504

