[DEFAULT]
interv_d = 604800
interv_h = 43200
interv_m = 14400
fctnmt = cloud

[UPDATES]
last_update_d = 2026-02-28 00:10:46.188030
last_update_h = 2026-02-28 00:22:43.067282
last_update_m = 2026-02-27 20:44:26.271604
last_update_v = 2023-10-25 16:52:16.653504

