[DEFAULT]
interv_d = 604800
interv_h = 43200
interv_m = 14400
fctnmt = cloud

[UPDATES]
last_update_d = 2025-04-07 08:10:50.589301
last_update_h = 2025-04-07 08:22:07.885706
last_update_m = 2025-04-07 04:44:40.290298
last_update_v = 2023-10-25 16:52:16.653504

