[DEFAULT]
interv_d = 604800
interv_h = 43200
interv_m = 14400
fctnmt = cloud

[UPDATES]
last_update_d = 2026-02-20 04:10:45.680315
last_update_h = 2026-02-20 04:21:46.367725
last_update_m = 2026-02-20 00:44:38.348800
last_update_v = 2023-10-25 16:52:16.653504

