[DEFAULT]
interv_d = 604800
interv_h = 43200
interv_m = 14400
fctnmt = cloud

[UPDATES]
last_update_d = 2025-05-23 08:10:50.253709
last_update_h = 2025-05-23 08:21:43.761148
last_update_m = 2025-05-23 08:43:59.140734
last_update_v = 2023-10-25 16:52:16.653504

