[DEFAULT]
interv_d = 604800
interv_h = 43200
interv_m = 14400
fctnmt = cloud

[UPDATES]
last_update_d = 2024-07-17 16:10:28.579237
last_update_h = 2024-07-17 16:21:27.388652
last_update_m = 2024-07-17 12:43:43.493947
last_update_v = 2023-10-25 16:52:16.653504

