[DEFAULT]
interv_d = 604800
interv_h = 43200
interv_m = 14400
fctnmt = cloud

[UPDATES]
last_update_d = 2024-12-17 16:10:45.200686
last_update_h = 2024-12-17 16:21:46.284114
last_update_m = 2024-12-17 12:43:52.278714
last_update_v = 2023-10-25 16:52:16.653504

