[DEFAULT]
interv_d = 604800
interv_h = 43200
interv_m = 14400
fctnmt = cloud

[UPDATES]
last_update_d = 2025-02-09 12:10:39.003963
last_update_h = 2025-02-09 12:21:47.614830
last_update_m = 2025-02-09 12:43:56.171999
last_update_v = 2023-10-25 16:52:16.653504

