[DEFAULT]
interv_d = 604800
interv_h = 43200
interv_m = 14400
fctnmt = cloud

[UPDATES]
last_update_d = 2024-09-08 12:10:27.073131
last_update_h = 2024-09-08 12:21:37.305572
last_update_m = 2024-09-08 08:43:28.198488
last_update_v = 2023-10-25 16:52:16.653504

