[DEFAULT]
interv_d = 604800
interv_h = 43200
interv_m = 14400
fctnmt = cloud

[UPDATES]
last_update_d = 2026-05-29 04:10:50.966757
last_update_h = 2026-05-29 04:22:23.116307
last_update_m = 2026-05-29 00:44:34.943100
last_update_v = 2023-10-25 16:52:16.653504

