[DEFAULT]
interv_d = 604800
interv_h = 43200
interv_m = 14400
fctnmt = cloud

[UPDATES]
last_update_d = 2024-07-02 20:10:11.374917
last_update_h = 2024-07-02 20:21:08.986736
last_update_m = 2024-07-02 16:43:20.253742
last_update_v = 2023-10-25 16:52:16.653504

