[DEFAULT]
interv_d = 604800
interv_h = 43200
interv_m = 14400
fctnmt = cloud

[UPDATES]
last_update_d = 2025-09-16 16:10:41.077076
last_update_h = 2025-09-16 16:21:32.876643
last_update_m = 2025-09-16 12:43:31.676545
last_update_v = 2023-10-25 16:52:16.653504

