[DEFAULT]
interv_d = 604800
interv_h = 43200
interv_m = 14400
fctnmt = cloud

[UPDATES]
last_update_d = 2024-10-08 20:10:02.052579
last_update_h = 2024-10-08 20:20:30.979734
last_update_m = 2024-10-08 20:41:25.152470
last_update_v = 2023-10-25 16:52:16.653504

