[DEFAULT]
interv_d = 604800
interv_h = 43200
interv_m = 14400
fctnmt = cloud

[UPDATES]
last_update_d = 2024-05-22 16:10:28.519487
last_update_h = 2024-05-22 16:21:44.279205
last_update_m = 2024-05-22 12:43:30.025762
last_update_v = 2023-10-25 16:52:16.653504

