[DEFAULT]
interv_d = 604800
interv_h = 43200
interv_m = 14400
fctnmt = cloud

[UPDATES]
last_update_d = 2026-03-02 00:11:09.494778
last_update_h = 2026-03-02 00:23:00.535243
last_update_m = 2026-03-02 00:45:29.012928
last_update_v = 2023-10-25 16:52:16.653504

