[DEFAULT]
interv_d = 604800
interv_h = 43200
interv_m = 14400
fctnmt = cloud

[UPDATES]
last_update_d = 2024-09-10 16:10:26.453274
last_update_h = 2024-09-10 16:21:24.964717
last_update_m = 2024-09-10 12:43:26.985895
last_update_v = 2023-10-25 16:52:16.653504

