[DEFAULT]
interv_d = 604800
interv_h = 43200
interv_m = 14400
fctnmt = cloud

[UPDATES]
last_update_d = 2026-03-15 16:10:54.430515
last_update_h = 2026-03-15 16:21:50.329169
last_update_m = 2026-03-15 16:43:44.948544
last_update_v = 2023-10-25 16:52:16.653504

