[DEFAULT]
interv_d = 604800
interv_h = 43200
interv_m = 14400
fctnmt = cloud

[UPDATES]
last_update_d = 2024-11-24 00:10:03.962586
last_update_h = 2024-11-24 00:20:36.370579
last_update_m = 2024-11-24 00:41:12.164704
last_update_v = 2023-10-25 16:52:16.653504

