[DEFAULT]
interv_d = 604800
interv_h = 43200
interv_m = 14400
fctnmt = cloud

[UPDATES]
last_update_d = 2026-06-01 20:11:32.165708
last_update_h = 2026-06-01 20:22:35.590189
last_update_m = 2026-06-01 16:43:24.961015
last_update_v = 2023-10-25 16:52:16.653504

