[DEFAULT]
interv_d = 604800
interv_h = 43200
interv_m = 14400
fctnmt = cloud

[UPDATES]
last_update_d = 2025-12-06 08:10:49.771651
last_update_h = 2025-12-06 08:21:58.766225
last_update_m = 2025-12-06 08:44:05.871329
last_update_v = 2023-10-25 16:52:16.653504

