[DEFAULT]
interv_d = 604800
interv_h = 43200
interv_m = 14400
fctnmt = cloud

[UPDATES]
last_update_d = 2024-05-29 04:10:36.408850
last_update_h = 2024-05-29 04:21:30.019949
last_update_m = 2024-05-29 04:43:28.219189
last_update_v = 2023-10-25 16:52:16.653504

