[DEFAULT]
interv_d = 604800
interv_h = 43200
interv_m = 14400
fctnmt = cloud

[UPDATES]
last_update_d = 2024-06-10 12:10:28.918641
last_update_h = 2024-06-10 12:21:17.125403
last_update_m = 2024-06-10 08:43:03.125143
last_update_v = 2023-10-25 16:52:16.653504

