[DEFAULT]
interv_d = 604800
interv_h = 43200
interv_m = 14400
fctnmt = cloud

[UPDATES]
last_update_d = 2026-01-10 16:10:50.662468
last_update_h = 2026-01-10 16:21:55.661294
last_update_m = 2026-01-10 12:43:54.755441
last_update_v = 2023-10-25 16:52:16.653504

