[DEFAULT]
interv_d = 604800
interv_h = 43200
interv_m = 14400
fctnmt = cloud

[UPDATES]
last_update_d = 2025-10-08 20:11:07.165800
last_update_h = 2025-10-08 20:22:22.077444
last_update_m = 2025-10-08 20:44:52.145087
last_update_v = 2023-10-25 16:52:16.653504

