[DEFAULT]
interv_d = 604800
interv_h = 43200
interv_m = 14400
fctnmt = cloud

[UPDATES]
last_update_d = 2025-09-15 12:10:36.643747
last_update_h = 2025-09-15 12:21:30.281653
last_update_m = 2025-09-15 12:43:08.237295
last_update_v = 2023-10-25 16:52:16.653504

