[DEFAULT]
interv_d = 604800
interv_h = 43200
interv_m = 14400
fctnmt = cloud

[UPDATES]
last_update_d = 2024-10-10 00:10:11.199851
last_update_h = 2024-10-10 00:20:58.263954
last_update_m = 2024-10-10 00:42:05.344461
last_update_v = 2023-10-25 16:52:16.653504

