[DEFAULT]
interv_d = 604800
interv_h = 43200
interv_m = 14400
fctnmt = cloud

[UPDATES]
last_update_d = 2026-01-08 12:10:54.658126
last_update_h = 2026-01-08 12:22:05.363228
last_update_m = 2026-01-08 08:44:02.584078
last_update_v = 2023-10-25 16:52:16.653504

