[DEFAULT]
interv_d = 604800
interv_h = 43200
interv_m = 14400
fctnmt = cloud

[UPDATES]
last_update_d = 2025-01-05 04:10:45.690219
last_update_h = 2025-01-05 04:21:47.795435
last_update_m = 2025-01-05 00:44:31.207527
last_update_v = 2023-10-25 16:52:16.653504

