[DEFAULT]
interv_d = 604800
interv_h = 43200
interv_m = 14400
fctnmt = cloud

[UPDATES]
last_update_d = 2025-10-06 16:10:59.447764
last_update_h = 2025-10-06 16:22:06.570692
last_update_m = 2025-10-06 12:44:42.950471
last_update_v = 2023-10-25 16:52:16.653504

