[DEFAULT]
interv_d = 604800
interv_h = 43200
interv_m = 14400
fctnmt = cloud

[UPDATES]
last_update_d = 2026-03-06 04:10:53.236246
last_update_h = 2026-03-06 04:21:52.666096
last_update_m = 2026-03-06 00:44:06.452373
last_update_v = 2023-10-25 16:52:16.653504

