[DEFAULT]
interv_d = 604800
interv_h = 43200
interv_m = 14400
fctnmt = cloud

[UPDATES]
last_update_d = 2025-12-11 04:11:02.327720
last_update_h = 2025-12-11 04:22:20.364362
last_update_m = 2025-12-11 00:44:49.743164
last_update_v = 2023-10-25 16:52:16.653504

