[DEFAULT]
interv_d = 604800
interv_h = 43200
interv_m = 14400
fctnmt = cloud

[UPDATES]
last_update_d = 2025-12-31 12:11:11.148923
last_update_h = 2025-12-31 12:22:24.775200
last_update_m = 2025-12-31 12:44:50.528875
last_update_v = 2023-10-25 16:52:16.653504

