[DEFAULT]
interv_d = 604800
interv_h = 43200
interv_m = 14400
fctnmt = cloud

[UPDATES]
last_update_d = 2024-04-06 12:10:10.139576
last_update_h = 2024-04-06 12:21:16.833422
last_update_m = 2024-04-06 12:43:25.123216
last_update_v = 2023-10-25 16:52:16.653504

