[DEFAULT]
interv_d = 604800
interv_h = 43200
interv_m = 14400
fctnmt = cloud

[UPDATES]
last_update_d = 2024-02-26 04:10:07.166528
last_update_h = 2024-02-26 04:21:00.862746
last_update_m = 2024-02-26 04:42:47.023266
last_update_v = 2023-10-25 16:52:16.653504

