[DEFAULT]
interv_d = 604800
interv_h = 43200
interv_m = 14400
fctnmt = cloud

[UPDATES]
last_update_d = 2025-10-08 08:10:46.941406
last_update_h = 2025-10-08 08:21:45.479593
last_update_m = 2025-10-08 08:43:39.146903
last_update_v = 2023-10-25 16:52:16.653504

