[DEFAULT]
interv_d = 604800
interv_h = 43200
interv_m = 14400
fctnmt = cloud

[UPDATES]
last_update_d = 2024-03-15 20:10:21.856371
last_update_h = 2024-03-15 20:21:38.345998
last_update_m = 2024-03-15 20:44:17.961401
last_update_v = 2023-10-25 16:52:16.653504

