[DEFAULT]
interv_d = 604800
interv_h = 43200
interv_m = 14400
fctnmt = cloud

[UPDATES]
last_update_d = 2025-05-05 16:10:50.578658
last_update_h = 2025-05-05 16:22:00.665454
last_update_m = 2025-05-05 12:43:20.364140
last_update_v = 2023-10-25 16:52:16.653504

