[DEFAULT]
interv_d = 604800
interv_h = 43200
interv_m = 14400
fctnmt = cloud

[UPDATES]
last_update_d = 2025-11-23 12:10:53.976577
last_update_h = 2025-11-23 12:22:02.528283
last_update_m = 2025-11-23 08:44:26.652923
last_update_v = 2023-10-25 16:52:16.653504

