[DEFAULT]
interv_d = 604800
interv_h = 43200
interv_m = 14400
fctnmt = cloud

[UPDATES]
last_update_d = 2024-06-19 00:10:29.308489
last_update_h = 2024-06-19 00:21:39.533361
last_update_m = 2024-06-18 20:43:14.495670
last_update_v = 2023-10-25 16:52:16.653504

