[DEFAULT]
interv_d = 604800
interv_h = 43200
interv_m = 14400
fctnmt = cloud

[UPDATES]
last_update_d = 2024-01-04 00:09:36.041654
last_update_h = 2024-01-04 00:20:05.429827
last_update_m = 2024-01-03 20:40:16.662324
last_update_v = 2023-10-25 16:52:16.653504

