[DEFAULT]
interv_d = 604800
interv_h = 43200
interv_m = 14400
fctnmt = cloud

[UPDATES]
last_update_d = 2025-01-02 00:10:51.787249
last_update_h = 2025-01-02 00:22:18.982317
last_update_m = 2025-01-02 00:44:36.456709
last_update_v = 2023-10-25 16:52:16.653504

