[DEFAULT]
interv_d = 604800
interv_h = 43200
interv_m = 14400
fctnmt = cloud

[UPDATES]
last_update_d = 2024-07-19 20:10:16.936265
last_update_h = 2024-07-19 20:21:05.045699
last_update_m = 2024-07-19 20:42:42.542069
last_update_v = 2023-10-25 16:52:16.653504

