[DEFAULT]
interv_d = 604800
interv_h = 43200
interv_m = 14400
fctnmt = cloud

[UPDATES]
last_update_d = 2024-07-29 00:10:25.114417
last_update_h = 2024-07-29 00:21:23.460418
last_update_m = 2024-07-29 00:43:13.959940
last_update_v = 2023-10-25 16:52:16.653504

