[DEFAULT]
interv_d = 604800
interv_h = 43200
interv_m = 14400
fctnmt = cloud

[UPDATES]
last_update_d = 2026-01-22 12:11:19.281521
last_update_h = 2026-01-22 12:22:29.859137
last_update_m = 2026-01-22 08:44:04.254783
last_update_v = 2023-10-25 16:52:16.653504

