[DEFAULT]
interv_d = 604800
interv_h = 43200
interv_m = 14400
fctnmt = cloud

[UPDATES]
last_update_d = 2025-11-24 04:10:56.428820
last_update_h = 2025-11-24 04:21:59.059752
last_update_m = 2025-11-24 04:44:16.740520
last_update_v = 2023-10-25 16:52:16.653504

