[DEFAULT]
interv_d = 604800
interv_h = 43200
interv_m = 14400
fctnmt = cloud

[UPDATES]
last_update_d = 2024-01-03 04:09:18.735021
last_update_h = 2024-01-03 04:19:31.036621
last_update_m = 2024-01-03 04:29:56.849898
last_update_v = 2023-10-25 16:52:16.653504

