[DEFAULT]
interv_d = 604800
interv_h = 43200
interv_m = 14400
fctnmt = cloud

[UPDATES]
last_update_d = 2024-12-25 12:10:32.310437
last_update_h = 2024-12-25 12:21:35.280542
last_update_m = 2024-12-25 12:43:35.983116
last_update_v = 2023-10-25 16:52:16.653504

