[DEFAULT]
interv_d = 604800
interv_h = 43200
interv_m = 14400
fctnmt = cloud

[UPDATES]
last_update_d = 2024-06-17 16:10:14.102523
last_update_h = 2024-06-17 16:21:03.927231
last_update_m = 2024-06-17 16:42:56.202376
last_update_v = 2023-10-25 16:52:16.653504

