[DEFAULT]
interv_d = 604800
interv_h = 43200
interv_m = 14400
fctnmt = cloud

[UPDATES]
last_update_d = 2025-02-18 04:10:43.506456
last_update_h = 2025-02-18 04:21:50.398201
last_update_m = 2025-02-18 04:44:01.480718
last_update_v = 2023-10-25 16:52:16.653504

