[DEFAULT]
interv_d = 604800
interv_h = 43200
interv_m = 14400
fctnmt = cloud

[UPDATES]
last_update_d = 2024-09-03 04:10:22.395276
last_update_h = 2024-09-03 04:21:09.046768
last_update_m = 2024-09-03 00:43:05.483930
last_update_v = 2023-10-25 16:52:16.653504

