[DEFAULT]
interv_d = 604800
interv_h = 43200
interv_m = 14400
fctnmt = cloud

[UPDATES]
last_update_d = 2025-09-11 08:10:40.757584
last_update_h = 2025-09-11 08:21:26.074483
last_update_m = 2025-09-11 04:43:08.454749
last_update_v = 2023-10-25 16:52:16.653504

