[DEFAULT]
interv_d = 604800
interv_h = 43200
interv_m = 14400
fctnmt = cloud

[UPDATES]
last_update_d = 2025-07-31 12:10:38.955464
last_update_h = 2025-07-31 12:21:37.677473
last_update_m = 2025-07-31 08:43:39.263801
last_update_v = 2023-10-25 16:52:16.653504

