[DEFAULT]
interv_d = 604800
interv_h = 43200
interv_m = 14400
fctnmt = cloud

[UPDATES]
last_update_d = 2025-02-07 16:10:45.616965
last_update_h = 2025-02-07 16:21:50.106595
last_update_m = 2025-02-07 12:44:22.570145
last_update_v = 2023-10-25 16:52:16.653504

