[DEFAULT]
interv_d = 604800
interv_h = 43200
interv_m = 14400
fctnmt = cloud

[UPDATES]
last_update_d = 2024-12-10 04:10:38.207640
last_update_h = 2024-12-10 04:21:46.702596
last_update_m = 2024-12-10 00:43:52.465910
last_update_v = 2023-10-25 16:52:16.653504

