[DEFAULT]
interv_d = 604800
interv_h = 43200
interv_m = 14400
fctnmt = cloud

[UPDATES]
last_update_d = 2024-02-27 16:09:56.650407
last_update_h = 2024-02-27 16:20:52.636757
last_update_m = 2024-02-27 16:42:41.745248
last_update_v = 2023-10-25 16:52:16.653504

