[DEFAULT]
interv_d = 604800
interv_h = 43200
interv_m = 14400
fctnmt = cloud

[UPDATES]
last_update_d = 2025-10-20 12:10:52.655373
last_update_h = 2025-10-20 12:21:49.547170
last_update_m = 2025-10-20 08:45:05.563042
last_update_v = 2023-10-25 16:52:16.653504

