[DEFAULT]
interv_d = 604800
interv_h = 43200
interv_m = 14400
fctnmt = cloud

[UPDATES]
last_update_d = 2025-09-12 04:10:46.047024
last_update_h = 2025-09-12 04:21:40.678423
last_update_m = 2025-09-12 00:43:41.862898
last_update_v = 2023-10-25 16:52:16.653504

