[DEFAULT]
interv_d = 604800
interv_h = 43200
interv_m = 14400
fctnmt = cloud

[UPDATES]
last_update_d = 2024-11-01 16:10:05.283151
last_update_h = 2024-11-01 16:20:26.863223
last_update_m = 2024-11-01 16:41:21.256316
last_update_v = 2023-10-25 16:52:16.653504

