[DEFAULT]
interv_d = 604800
interv_h = 43200
interv_m = 14400
fctnmt = cloud

[UPDATES]
last_update_d = 2025-05-16 00:10:43.697533
last_update_h = 2025-05-16 00:22:01.066470
last_update_m = 2025-05-15 20:43:19.069682
last_update_v = 2023-10-25 16:52:16.653504

