[DEFAULT]
interv_d = 604800
interv_h = 43200
interv_m = 14400
fctnmt = cloud

[UPDATES]
last_update_d = 2026-07-20 20:10:56.938274
last_update_h = 2026-07-20 20:21:57.632410
last_update_m = 2026-07-20 20:44:00.241303
last_update_v = 2023-10-25 16:52:16.653504

