[DEFAULT]
interv_d = 604800
interv_h = 43200
interv_m = 14400
fctnmt = cloud

[UPDATES]
last_update_d = 2025-01-30 08:10:40.190159
last_update_h = 2025-01-30 08:21:33.763679
last_update_m = 2025-01-30 08:43:22.690709
last_update_v = 2023-10-25 16:52:16.653504

