[DEFAULT]
interv_d = 604800
interv_h = 43200
interv_m = 14400
fctnmt = cloud

[UPDATES]
last_update_d = 2025-04-19 08:10:54.867822
last_update_h = 2025-04-19 08:22:02.007913
last_update_m = 2025-04-19 08:44:18.384860
last_update_v = 2023-10-25 16:52:16.653504

