[DEFAULT]
interv_d = 604800
interv_h = 43200
interv_m = 14400
fctnmt = cloud

[UPDATES]
last_update_d = 2025-05-09 00:10:47.852146
last_update_h = 2025-05-09 00:21:59.529253
last_update_m = 2025-05-08 20:43:40.254104
last_update_v = 2023-10-25 16:52:16.653504

