[DEFAULT]
interv_d = 604800
interv_h = 43200
interv_m = 14400
fctnmt = cloud

[UPDATES]
last_update_d = 2025-01-31 16:10:45.778317
last_update_h = 2025-01-31 16:21:50.957920
last_update_m = 2025-01-31 12:43:58.394844
last_update_v = 2023-10-25 16:52:16.653504

