[DEFAULT]
interv_d = 604800
interv_h = 43200
interv_m = 14400
fctnmt = cloud

[UPDATES]
last_update_d = 2025-07-19 12:10:46.966748
last_update_h = 2025-07-19 12:21:35.679746
last_update_m = 2025-07-19 12:43:28.648693
last_update_v = 2023-10-25 16:52:16.653504

