[DEFAULT]
interv_d = 604800
interv_h = 43200
interv_m = 14400
fctnmt = cloud

[UPDATES]
last_update_d = 2026-04-05 20:10:56.670727
last_update_h = 2026-04-05 20:22:04.363154
last_update_m = 2026-04-05 20:44:06.751789
last_update_v = 2023-10-25 16:52:16.653504

