[DEFAULT]
interv_d = 604800
interv_h = 43200
interv_m = 14400
fctnmt = cloud

[UPDATES]
last_update_d = 2025-07-30 16:10:48.433702
last_update_h = 2025-07-30 16:21:43.675865
last_update_m = 2025-07-30 12:43:17.244201
last_update_v = 2023-10-25 16:52:16.653504

