[DEFAULT]
interv_d = 604800
interv_h = 43200
interv_m = 14400
fctnmt = cloud

[UPDATES]
last_update_d = 2025-05-21 08:10:35.753108
last_update_h = 2025-05-21 08:21:27.645468
last_update_m = 2025-05-21 08:43:09.865615
last_update_v = 2023-10-25 16:52:16.653504

