[DEFAULT]
interv_d = 604800
interv_h = 43200
interv_m = 14400
fctnmt = cloud

[UPDATES]
last_update_d = 2024-05-16 12:10:25.400665
last_update_h = 2024-05-16 12:21:34.534777
last_update_m = 2024-05-16 08:43:42.284772
last_update_v = 2023-10-25 16:52:16.653504

