[DEFAULT]
interv_d = 604800
interv_h = 43200
interv_m = 14400
fctnmt = cloud

[UPDATES]
last_update_d = 2026-05-03 00:10:59.549671
last_update_h = 2026-05-03 00:22:17.029943
last_update_m = 2026-05-03 00:44:22.838941
last_update_v = 2023-10-25 16:52:16.653504

