[DEFAULT]
interv_d = 604800
interv_h = 43200
interv_m = 14400
fctnmt = cloud

[UPDATES]
last_update_d = 2024-06-23 16:10:23.364989
last_update_h = 2024-06-23 16:21:18.077624
last_update_m = 2024-06-23 16:43:03.162140
last_update_v = 2023-10-25 16:52:16.653504

