[DEFAULT]
interv_d = 604800
interv_h = 43200
interv_m = 14400
fctnmt = cloud

[UPDATES]
last_update_d = 2026-07-08 12:11:14.666716
last_update_h = 2026-07-08 12:22:20.664793
last_update_m = 2026-07-08 08:44:36.661201
last_update_v = 2023-10-25 16:52:16.653504

