[DEFAULT]
interv_d = 604800
interv_h = 43200
interv_m = 14400
fctnmt = cloud

[UPDATES]
last_update_d = 2026-06-30 16:11:05.316234
last_update_h = 2026-06-30 16:22:09.068368
last_update_m = 2026-06-30 16:44:07.714523
last_update_v = 2023-10-25 16:52:16.653504

