[DEFAULT]
interv_d = 604800
interv_h = 43200
interv_m = 14400
fctnmt = cloud

[UPDATES]
last_update_d = 2024-07-18 00:10:35.759863
last_update_h = 2024-07-18 00:22:10.997871
last_update_m = 2024-07-17 20:43:50.370305
last_update_v = 2023-10-25 16:52:16.653504

