[DEFAULT]
interv_d = 604800
interv_h = 43200
interv_m = 14400
fctnmt = cloud

[UPDATES]
last_update_d = 2024-04-14 12:10:09.455155
last_update_h = 2024-04-14 12:21:17.663520
last_update_m = 2024-04-14 08:43:31.961391
last_update_v = 2023-10-25 16:52:16.653504

