[DEFAULT]
interv_d = 604800
interv_h = 43200
interv_m = 14400
fctnmt = cloud

[UPDATES]
last_update_d = 2026-02-08 12:11:10.446269
last_update_h = 2026-02-08 12:22:15.946981
last_update_m = 2026-02-08 08:44:07.350501
last_update_v = 2023-10-25 16:52:16.653504

