[DEFAULT]
interv_d = 604800
interv_h = 43200
interv_m = 14400
fctnmt = cloud

[UPDATES]
last_update_d = 2024-06-06 16:10:15.628277
last_update_h = 2024-06-06 16:21:13.833083
last_update_m = 2024-06-06 16:43:02.308112
last_update_v = 2023-10-25 16:52:16.653504

