[DEFAULT]
interv_d = 604800
interv_h = 43200
interv_m = 14400
fctnmt = cloud

[UPDATES]
last_update_d = 2025-02-11 04:10:55.483234
last_update_h = 2025-02-11 04:21:57.695122
last_update_m = 2025-02-11 04:43:55.091137
last_update_v = 2023-10-25 16:52:16.653504

