[DEFAULT]
interv_d = 604800
interv_h = 43200
interv_m = 14400
fctnmt = cloud

[UPDATES]
last_update_d = 2025-10-10 08:10:46.374882
last_update_h = 2025-10-10 08:21:42.185775
last_update_m = 2025-10-10 04:43:49.056242
last_update_v = 2023-10-25 16:52:16.653504

