[DEFAULT]
interv_d = 604800
interv_h = 43200
interv_m = 14400
fctnmt = cloud

[UPDATES]
last_update_d = 2025-09-09 00:10:51.877708
last_update_h = 2025-09-09 00:22:11.370141
last_update_m = 2025-09-09 00:44:23.750556
last_update_v = 2023-10-25 16:52:16.653504

