[DEFAULT]
interv_d = 604800
interv_h = 43200
interv_m = 14400
fctnmt = cloud

[UPDATES]
last_update_d = 2025-04-15 08:11:14.259371
last_update_h = 2025-04-15 08:22:24.957240
last_update_m = 2025-04-15 04:44:28.279709
last_update_v = 2023-10-25 16:52:16.653504

