[DEFAULT]
interv_d = 604800
interv_h = 43200
interv_m = 14400
fctnmt = cloud

[UPDATES]
last_update_d = 2025-11-25 12:11:01.030017
last_update_h = 2025-11-25 12:22:18.383088
last_update_m = 2025-11-25 12:44:48.871451
last_update_v = 2023-10-25 16:52:16.653504

