[DEFAULT]
interv_d = 604800
interv_h = 43200
interv_m = 14400
fctnmt = cloud

[UPDATES]
last_update_d = 2026-01-10 08:10:45.142782
last_update_h = 2026-01-10 08:21:38.244833
last_update_m = 2026-01-10 04:44:09.354383
last_update_v = 2023-10-25 16:52:16.653504

