[DEFAULT]
interv_d = 604800
interv_h = 43200
interv_m = 14400
fctnmt = cloud

[UPDATES]
last_update_d = 2026-06-24 04:10:51.231405
last_update_h = 2026-06-24 04:21:45.140819
last_update_m = 2026-06-24 00:44:16.251292
last_update_v = 2023-10-25 16:52:16.653504

