[DEFAULT]
interv_d = 604800
interv_h = 43200
interv_m = 14400
fctnmt = cloud

[UPDATES]
last_update_d = 2025-10-26 04:10:52.283071
last_update_h = 2025-10-26 04:21:51.450721
last_update_m = 2025-10-26 00:43:39.350637
last_update_v = 2023-10-25 16:52:16.653504

