[DEFAULT]
interv_d = 604800
interv_h = 43200
interv_m = 14400
fctnmt = cloud

[UPDATES]
last_update_d = 2024-08-15 04:10:41.940261
last_update_h = 2024-08-15 04:21:47.450934
last_update_m = 2024-08-15 04:44:12.834491
last_update_v = 2023-10-25 16:52:16.653504

