[DEFAULT]
interv_d = 604800
interv_h = 43200
interv_m = 14400
fctnmt = cloud

[UPDATES]
last_update_d = 2025-03-30 04:10:46.884842
last_update_h = 2025-03-30 04:22:00.706441
last_update_m = 2025-03-30 00:44:25.206312
last_update_v = 2023-10-25 16:52:16.653504

