[DEFAULT]
interv_d = 604800
interv_h = 43200
interv_m = 14400
fctnmt = cloud

[UPDATES]
last_update_d = 2025-02-28 16:10:50.801025
last_update_h = 2025-02-28 16:21:51.195884
last_update_m = 2025-02-28 12:43:59.869468
last_update_v = 2023-10-25 16:52:16.653504

