[DEFAULT]
interv_d = 604800
interv_h = 43200
interv_m = 14400
fctnmt = cloud

[UPDATES]
last_update_d = 2025-12-02 00:11:02.739051
last_update_h = 2025-12-02 00:22:27.931007
last_update_m = 2025-12-01 20:44:40.666373
last_update_v = 2023-10-25 16:52:16.653504

