[DEFAULT]
interv_d = 604800
interv_h = 43200
interv_m = 14400
fctnmt = cloud

[UPDATES]
last_update_d = 2025-05-29 08:10:34.449519
last_update_h = 2025-05-29 08:21:28.627509
last_update_m = 2025-05-29 08:43:14.683371
last_update_v = 2023-10-25 16:52:16.653504

