[DEFAULT]
interv_d = 604800
interv_h = 43200
interv_m = 14400
fctnmt = cloud

[UPDATES]
last_update_d = 2024-02-08 00:09:50.339813
last_update_h = 2024-02-08 00:20:51.257922
last_update_m = 2024-02-08 00:42:17.450622
last_update_v = 2023-10-25 16:52:16.653504

