[DEFAULT]
interv_d = 604800
interv_h = 43200
interv_m = 14400
fctnmt = cloud

[UPDATES]
last_update_d = 2025-12-07 20:11:03.146019
last_update_h = 2025-12-07 20:22:23.851037
last_update_m = 2025-12-07 20:44:37.157514
last_update_v = 2023-10-25 16:52:16.653504

