[DEFAULT]
interv_d = 604800
interv_h = 43200
interv_m = 14400
fctnmt = cloud

[UPDATES]
last_update_d = 2024-02-18 08:09:57.143069
last_update_h = 2024-02-18 08:20:49.336736
last_update_m = 2024-02-18 04:42:02.827387
last_update_v = 2023-10-25 16:52:16.653504

