[DEFAULT]
interv_d = 604800
interv_h = 43200
interv_m = 14400
fctnmt = cloud

[UPDATES]
last_update_d = 2025-03-02 08:10:49.194723
last_update_h = 2025-03-02 08:22:12.302233
last_update_m = 2025-03-02 08:44:46.109301
last_update_v = 2023-10-25 16:52:16.653504

