[DEFAULT]
interv_d = 604800
interv_h = 43200
interv_m = 14400
fctnmt = cloud

[UPDATES]
last_update_d = 2025-05-08 12:10:37.146991
last_update_h = 2025-05-08 12:21:27.129092
last_update_m = 2025-05-08 08:43:32.769893
last_update_v = 2023-10-25 16:52:16.653504

