[DEFAULT]
interv_d = 604800
interv_h = 43200
interv_m = 14400
fctnmt = cloud

[UPDATES]
last_update_d = 2024-05-14 12:10:38.125357
last_update_h = 2024-05-14 12:21:47.323336
last_update_m = 2024-05-14 08:44:28.709788
last_update_v = 2023-10-25 16:52:16.653504

