[DEFAULT]
interv_d = 604800
interv_h = 43200
interv_m = 14400
fctnmt = cloud

[UPDATES]
last_update_d = 2026-03-01 08:10:51.453903
last_update_h = 2026-03-01 08:21:42.049103
last_update_m = 2026-03-01 08:43:41.414577
last_update_v = 2023-10-25 16:52:16.653504

