[DEFAULT]
interv_d = 604800
interv_h = 43200
interv_m = 14400
fctnmt = cloud

[UPDATES]
last_update_d = 2025-09-26 00:11:08.593179
last_update_h = 2025-09-26 00:22:32.340237
last_update_m = 2025-09-25 20:43:28.654705
last_update_v = 2023-10-25 16:52:16.653504

