[DEFAULT]
interv_d = 604800
interv_h = 43200
interv_m = 14400
fctnmt = cloud

[UPDATES]
last_update_d = 2026-03-26 20:10:54.130809
last_update_h = 2026-03-26 20:21:49.847153
last_update_m = 2026-03-26 20:43:49.657620
last_update_v = 2023-10-25 16:52:16.653504

