[DEFAULT]
interv_d = 604800
interv_h = 43200
interv_m = 14400
fctnmt = cloud

[UPDATES]
last_update_d = 2025-06-14 04:12:12.482519
last_update_h = 2025-06-14 04:24:18.944484
last_update_m = 2025-06-14 00:47:39.779396
last_update_v = 2023-10-25 16:52:16.653504

