[DEFAULT]
interv_d = 604800
interv_h = 43200
interv_m = 14400
fctnmt = cloud

[UPDATES]
last_update_d = 2025-04-10 08:10:46.209067
last_update_h = 2025-04-10 08:21:54.378686
last_update_m = 2025-04-10 08:44:20.868349
last_update_v = 2023-10-25 16:52:16.653504

