[DEFAULT]
interv_d = 604800
interv_h = 43200
interv_m = 14400
fctnmt = cloud

[UPDATES]
last_update_d = 2024-01-06 20:09:28.726548
last_update_h = 2024-01-06 20:19:54.656995
last_update_m = 2024-01-06 16:49:13.668075
last_update_v = 2023-10-25 16:52:16.653504

