[DEFAULT]
interv_d = 604800
interv_h = 43200
interv_m = 14400
fctnmt = cloud

[UPDATES]
last_update_d = 2026-04-30 20:10:54.262659
last_update_h = 2026-04-30 20:21:59.430561
last_update_m = 2026-04-30 16:43:44.143525
last_update_v = 2023-10-25 16:52:16.653504

