[DEFAULT]
interv_d = 604800
interv_h = 43200
interv_m = 14400
fctnmt = cloud

[UPDATES]
last_update_d = 2024-11-18 04:09:56.775144
last_update_h = 2024-11-18 04:20:19.086214
last_update_m = 2024-11-18 00:41:18.293639
last_update_v = 2023-10-25 16:52:16.653504

