[DEFAULT]
interv_d = 604800
interv_h = 43200
interv_m = 14400
fctnmt = cloud

[UPDATES]
last_update_d = 2024-11-10 16:10:05.787483
last_update_h = 2024-11-10 16:20:25.864752
last_update_m = 2024-11-10 12:41:14.674195
last_update_v = 2023-10-25 16:52:16.653504

