[DEFAULT]
interv_d = 604800
interv_h = 43200
interv_m = 14400
fctnmt = cloud

[UPDATES]
last_update_d = 2024-11-01 04:10:01.455520
last_update_h = 2024-11-01 04:20:21.692118
last_update_m = 2024-11-01 00:41:53.987776
last_update_v = 2023-10-25 16:52:16.653504

