[DEFAULT]
interv_d = 604800
interv_h = 43200
interv_m = 14400
fctnmt = cloud

[UPDATES]
last_update_d = 2026-06-15 20:10:58.363034
last_update_h = 2026-06-15 20:21:58.436977
last_update_m = 2026-06-15 20:44:10.482665
last_update_v = 2023-10-25 16:52:16.653504

