[DEFAULT]
interv_d = 604800
interv_h = 43200
interv_m = 14400
fctnmt = cloud

[UPDATES]
last_update_d = 2024-08-31 16:10:38.696701
last_update_h = 2024-08-31 16:21:55.257324
last_update_m = 2024-08-31 16:44:23.467274
last_update_v = 2023-10-25 16:52:16.653504

