[DEFAULT]
interv_d = 604800
interv_h = 43200
interv_m = 14400
fctnmt = cloud

[UPDATES]
last_update_d = 2024-07-26 12:10:17.625530
last_update_h = 2024-07-26 12:21:00.934785
last_update_m = 2024-07-26 08:42:30.012013
last_update_v = 2023-10-25 16:52:16.653504

