[DEFAULT]
interv_d = 604800
interv_h = 43200
interv_m = 14400
fctnmt = cloud

[UPDATES]
last_update_d = 2025-04-18 16:10:53.179567
last_update_h = 2025-04-18 16:21:57.971112
last_update_m = 2025-04-18 12:44:02.482123
last_update_v = 2023-10-25 16:52:16.653504

