[DEFAULT]
interv_d = 604800
interv_h = 43200
interv_m = 14400
fctnmt = cloud

[UPDATES]
last_update_d = 2026-06-08 16:10:53.336522
last_update_h = 2026-06-08 16:21:50.621940
last_update_m = 2026-06-08 12:43:42.425173
last_update_v = 2023-10-25 16:52:16.653504

