[DEFAULT]
interv_d = 604800
interv_h = 43200
interv_m = 14400
fctnmt = cloud

[UPDATES]
last_update_d = 2025-10-24 16:10:57.061418
last_update_h = 2025-10-24 16:22:06.827766
last_update_m = 2025-10-24 16:44:20.654087
last_update_v = 2023-10-25 16:52:16.653504

