[DEFAULT]
interv_d = 604800
interv_h = 43200
interv_m = 14400
fctnmt = cloud

[UPDATES]
last_update_d = 2025-01-26 20:10:37.492430
last_update_h = 2025-01-26 20:21:29.772924
last_update_m = 2025-01-26 20:43:24.075257
last_update_v = 2023-10-25 16:52:16.653504

