[DEFAULT]
interv_d = 604800
interv_h = 43200
interv_m = 14400
fctnmt = cloud

[UPDATES]
last_update_d = 2025-02-16 16:10:54.301249
last_update_h = 2025-02-16 16:22:03.792410
last_update_m = 2025-02-16 12:44:49.578184
last_update_v = 2023-10-25 16:52:16.653504

