[DEFAULT]
interv_d = 604800
interv_h = 43200
interv_m = 14400
fctnmt = cloud

[UPDATES]
last_update_d = 2024-11-20 00:10:03.890456
last_update_h = 2024-11-20 00:20:30.397143
last_update_m = 2024-11-20 00:41:16.059842
last_update_v = 2023-10-25 16:52:16.653504

