[DEFAULT]
interv_d = 604800
interv_h = 43200
interv_m = 14400
fctnmt = cloud

[UPDATES]
last_update_d = 2025-09-11 00:10:46.071843
last_update_h = 2025-09-11 00:21:56.071159
last_update_m = 2025-09-11 00:43:47.433907
last_update_v = 2023-10-25 16:52:16.653504

