[DEFAULT]
interv_d = 604800
interv_h = 43200
interv_m = 14400
fctnmt = cloud

[UPDATES]
last_update_d = 2025-07-02 08:11:25.329081
last_update_h = 2025-07-02 08:23:34.329433
last_update_m = 2025-07-02 08:47:36.763710
last_update_v = 2023-10-25 16:52:16.653504

