[DEFAULT]
interv_d = 604800
interv_h = 43200
interv_m = 14400
fctnmt = cloud

[UPDATES]
last_update_d = 2026-01-01 08:11:07.449003
last_update_h = 2026-01-01 08:22:20.572473
last_update_m = 2026-01-01 04:44:34.572432
last_update_v = 2023-10-25 16:52:16.653504

