[DEFAULT]
interv_d = 604800
interv_h = 43200
interv_m = 14400
fctnmt = cloud

[UPDATES]
last_update_d = 2024-05-20 08:10:25.699547
last_update_h = 2024-05-20 08:21:21.104776
last_update_m = 2024-05-20 04:43:56.000634
last_update_v = 2023-10-25 16:52:16.653504

