[DEFAULT]
interv_d = 604800
interv_h = 43200
interv_m = 14400
fctnmt = cloud

[UPDATES]
last_update_d = 2023-10-30 17:57:12.427913
last_update_h = 2023-11-06 04:31:49.324441
last_update_m = 2023-11-06 06:46:03.737772
last_update_v = 2023-11-05 16:45:35.326347

