[DEFAULT]
interv_d = 604800
interv_h = 43200
interv_m = 14400
fctnmt = cloud

[UPDATES]
last_update_d = 2025-05-01 00:10:42.074779
last_update_h = 2025-05-01 00:21:59.893230
last_update_m = 2025-04-30 20:44:22.806661
last_update_v = 2023-10-25 16:52:16.653504

