[DEFAULT]
interv_d = 604800
interv_h = 43200
interv_m = 14400
fctnmt = cloud

[UPDATES]
last_update_d = 2025-03-18 08:10:54.180012
last_update_h = 2025-03-18 08:22:02.587366
last_update_m = 2025-03-18 04:44:20.207750
last_update_v = 2023-10-25 16:52:16.653504

