[DEFAULT]
interv_d = 604800
interv_h = 43200
interv_m = 14400
fctnmt = cloud

[UPDATES]
last_update_d = 2024-02-25 08:09:50.234878
last_update_h = 2024-02-25 08:20:38.915793
last_update_m = 2024-02-25 04:42:48.233914
last_update_v = 2023-10-25 16:52:16.653504

