[DEFAULT]
interv_d = 604800
interv_h = 43200
interv_m = 14400
fctnmt = cloud

[UPDATES]
last_update_d = 2024-10-13 00:09:59.446404
last_update_h = 2024-10-13 00:20:26.747822
last_update_m = 2024-10-13 00:41:19.066259
last_update_v = 2023-10-25 16:52:16.653504

