[DEFAULT]
interv_d = 604800
interv_h = 43200
interv_m = 14400
fctnmt = cloud

[UPDATES]
last_update_d = 2025-10-30 16:11:13.073541
last_update_h = 2025-10-30 16:23:22.879079
last_update_m = 2025-10-30 16:45:41.143054
last_update_v = 2023-10-25 16:52:16.653504

