[DEFAULT]
interv_d = 604800
interv_h = 43200
interv_m = 14400
fctnmt = cloud

[UPDATES]
last_update_d = 2026-03-24 12:10:56.660905
last_update_h = 2026-03-24 12:22:03.752520
last_update_m = 2026-03-24 12:44:11.729443
last_update_v = 2023-10-25 16:52:16.653504

