[DEFAULT]
interv_d = 604800
interv_h = 43200
interv_m = 14400
fctnmt = cloud

[UPDATES]
last_update_d = 2024-12-04 04:10:36.772720
last_update_h = 2024-12-04 04:21:43.087643
last_update_m = 2024-12-04 00:43:54.104891
last_update_v = 2023-10-25 16:52:16.653504

