[DEFAULT]
interv_d = 604800
interv_h = 43200
interv_m = 14400
fctnmt = cloud

[UPDATES]
last_update_d = 2024-05-17 04:10:13.898912
last_update_h = 2024-05-17 04:21:10.685423
last_update_m = 2024-05-17 00:44:07.987577
last_update_v = 2023-10-25 16:52:16.653504

