[DEFAULT]
interv_d = 604800
interv_h = 43200
interv_m = 14400
fctnmt = cloud

[UPDATES]
last_update_d = 2025-09-21 12:10:57.545022
last_update_h = 2025-09-21 12:22:03.573335
last_update_m = 2025-09-21 12:44:19.752241
last_update_v = 2023-10-25 16:52:16.653504

