[DEFAULT]
interv_d = 604800
interv_h = 43200
interv_m = 14400
fctnmt = cloud

[UPDATES]
last_update_d = 2025-01-17 08:10:47.858081
last_update_h = 2025-01-17 08:21:59.911463
last_update_m = 2025-01-17 04:44:23.882716
last_update_v = 2023-10-25 16:52:16.653504

