[DEFAULT]
interv_d = 604800
interv_h = 43200
interv_m = 14400
fctnmt = cloud

[UPDATES]
last_update_d = 2026-01-09 00:10:56.158781
last_update_h = 2026-01-09 00:22:06.376977
last_update_m = 2026-01-08 20:43:51.847158
last_update_v = 2023-10-25 16:52:16.653504

