[DEFAULT]
interv_d = 604800
interv_h = 43200
interv_m = 14400
fctnmt = cloud

[UPDATES]
last_update_d = 2025-08-04 20:10:36.281916
last_update_h = 2025-08-04 20:21:34.127655
last_update_m = 2025-08-04 16:43:18.340945
last_update_v = 2023-10-25 16:52:16.653504

