[DEFAULT]
interv_d = 604800
interv_h = 43200
interv_m = 14400
fctnmt = cloud

[UPDATES]
last_update_d = 2026-05-22 00:10:54.654164
last_update_h = 2026-05-22 00:22:14.863528
last_update_m = 2026-05-22 00:44:03.812704
last_update_v = 2023-10-25 16:52:16.653504

