[DEFAULT]
interv_d = 604800
interv_h = 43200
interv_m = 14400
fctnmt = cloud

[UPDATES]
last_update_d = 2024-03-30 04:10:39.364530
last_update_h = 2024-03-30 04:22:02.838473
last_update_m = 2024-03-30 04:44:43.941136
last_update_v = 2023-10-25 16:52:16.653504

