[DEFAULT]
interv_d = 604800
interv_h = 43200
interv_m = 14400
fctnmt = cloud

[UPDATES]
last_update_d = 2026-04-27 00:11:14.878260
last_update_h = 2026-04-27 00:22:45.923524
last_update_m = 2026-04-27 00:45:09.430829
last_update_v = 2023-10-25 16:52:16.653504

