[DEFAULT]
interv_d = 604800
interv_h = 43200
interv_m = 14400
fctnmt = cloud

[UPDATES]
last_update_d = 2024-11-14 12:10:01.474323
last_update_h = 2024-11-14 12:20:22.768795
last_update_m = 2024-11-14 12:41:05.794790
last_update_v = 2023-10-25 16:52:16.653504

