[DEFAULT]
interv_d = 604800
interv_h = 43200
interv_m = 14400
fctnmt = cloud

[UPDATES]
last_update_d = 2025-03-25 04:11:06.167886
last_update_h = 2025-03-25 04:22:22.967965
last_update_m = 2025-03-25 04:45:03.775449
last_update_v = 2023-10-25 16:52:16.653504

