[DEFAULT]
interv_d = 604800
interv_h = 43200
interv_m = 14400
fctnmt = cloud

[UPDATES]
last_update_d = 2025-10-03 08:11:00.487387
last_update_h = 2025-10-03 08:22:06.360745
last_update_m = 2025-10-03 04:44:09.450715
last_update_v = 2023-10-25 16:52:16.653504

