[DEFAULT]
interv_d = 604800
interv_h = 43200
interv_m = 14400
fctnmt = cloud

[UPDATES]
last_update_d = 2025-07-12 08:10:41.079310
last_update_h = 2025-07-12 08:21:32.761725
last_update_m = 2025-07-12 04:43:24.064600
last_update_v = 2023-10-25 16:52:16.653504

