[DEFAULT]
interv_d = 604800
interv_h = 43200
interv_m = 14400
fctnmt = cloud

[UPDATES]
last_update_d = 2025-05-08 00:10:53.763540
last_update_h = 2025-05-08 00:21:58.376929
last_update_m = 2025-05-08 00:44:05.570262
last_update_v = 2023-10-25 16:52:16.653504

