[DEFAULT]
interv_d = 604800
interv_h = 43200
interv_m = 14400
fctnmt = cloud

[UPDATES]
last_update_d = 2024-07-06 20:10:28.068711
last_update_h = 2024-07-06 20:21:31.404146
last_update_m = 2024-07-06 20:43:41.798248
last_update_v = 2023-10-25 16:52:16.653504

