[DEFAULT]
interv_d = 604800
interv_h = 43200
interv_m = 14400
fctnmt = cloud

[UPDATES]
last_update_d = 2026-03-21 12:10:51.331114
last_update_h = 2026-03-21 12:21:56.366450
last_update_m = 2026-03-21 08:44:37.061640
last_update_v = 2023-10-25 16:52:16.653504

