[DEFAULT]
interv_d = 604800
interv_h = 43200
interv_m = 14400
fctnmt = cloud

[UPDATES]
last_update_d = 2024-02-17 12:09:52.229169
last_update_h = 2024-02-17 12:20:32.332534
last_update_m = 2024-02-17 12:42:05.015747
last_update_v = 2023-10-25 16:52:16.653504

