[DEFAULT]
interv_d = 604800
interv_h = 43200
interv_m = 14400
fctnmt = cloud

[UPDATES]
last_update_d = 2026-02-21 08:10:55.361819
last_update_h = 2026-02-21 08:22:06.961662
last_update_m = 2026-02-21 04:44:27.371996
last_update_v = 2023-10-25 16:52:16.653504

