[DEFAULT]
interv_d = 604800
interv_h = 43200
interv_m = 14400
fctnmt = cloud

[UPDATES]
last_update_d = 2026-05-05 08:10:49.256751
last_update_h = 2026-05-05 08:21:49.036603
last_update_m = 2026-05-05 04:43:23.813293
last_update_v = 2023-10-25 16:52:16.653504

