[DEFAULT]
interv_d = 604800
interv_h = 43200
interv_m = 14400
fctnmt = cloud

[UPDATES]
last_update_d = 2024-09-04 16:10:13.557386
last_update_h = 2024-09-04 16:21:04.060307
last_update_m = 2024-09-04 12:42:53.158244
last_update_v = 2023-10-25 16:52:16.653504

