[DEFAULT]
interv_d = 604800
interv_h = 43200
interv_m = 14400
fctnmt = cloud

[UPDATES]
last_update_d = 2026-01-19 00:11:17.050407
last_update_h = 2026-01-19 00:22:34.454382
last_update_m = 2026-01-18 20:44:38.557725
last_update_v = 2023-10-25 16:52:16.653504

