[DEFAULT]
interv_d = 604800
interv_h = 43200
interv_m = 14400
fctnmt = cloud

[UPDATES]
last_update_d = 2026-03-14 16:10:54.127231
last_update_h = 2026-03-14 16:21:48.119000
last_update_m = 2026-03-14 16:43:42.665156
last_update_v = 2023-10-25 16:52:16.653504

