[DEFAULT]
interv_d = 604800
interv_h = 43200
interv_m = 14400
fctnmt = cloud

[UPDATES]
last_update_d = 2025-11-30 12:11:04.240296
last_update_h = 2025-11-30 12:22:17.554713
last_update_m = 2025-11-30 12:44:47.579962
last_update_v = 2023-10-25 16:52:16.653504

