[DEFAULT]
interv_d = 604800
interv_h = 43200
interv_m = 14400
fctnmt = cloud

[UPDATES]
last_update_d = 2026-03-23 04:11:06.738237
last_update_h = 2026-03-23 04:22:14.354951
last_update_m = 2026-03-23 00:44:45.533850
last_update_v = 2023-10-25 16:52:16.653504

