[DEFAULT]
interv_d = 604800
interv_h = 43200
interv_m = 14400
fctnmt = cloud

[UPDATES]
last_update_d = 2026-05-30 16:10:56.772160
last_update_h = 2026-05-30 16:22:01.125805
last_update_m = 2026-05-30 16:43:52.872445
last_update_v = 2023-10-25 16:52:16.653504

