[DEFAULT]
interv_d = 604800
interv_h = 43200
interv_m = 14400
fctnmt = cloud

[UPDATES]
last_update_d = 2025-06-14 20:11:57.049700
last_update_h = 2025-06-14 20:23:55.845157
last_update_m = 2025-06-14 16:44:19.880564
last_update_v = 2023-10-25 16:52:16.653504

