[DEFAULT]
interv_d = 604800
interv_h = 43200
interv_m = 14400
fctnmt = cloud

[UPDATES]
last_update_d = 2024-12-13 00:10:43.281653
last_update_h = 2024-12-13 00:22:01.578021
last_update_m = 2024-12-12 20:43:25.280564
last_update_v = 2023-10-25 16:52:16.653504

