[DEFAULT]
interv_d = 604800
interv_h = 43200
interv_m = 14400
fctnmt = cloud

[UPDATES]
last_update_d = 2024-10-31 16:10:12.591976
last_update_h = 2024-10-31 16:20:42.883203
last_update_m = 2024-10-31 16:41:50.663359
last_update_v = 2023-10-25 16:52:16.653504

