[DEFAULT]
interv_d = 604800
interv_h = 43200
interv_m = 14400
fctnmt = cloud

[UPDATES]
last_update_d = 2026-05-05 12:10:48.150999
last_update_h = 2026-05-05 12:21:49.639238
last_update_m = 2026-05-05 08:43:43.067417
last_update_v = 2023-10-25 16:52:16.653504

