[DEFAULT]
interv_d = 604800
interv_h = 43200
interv_m = 14400
fctnmt = cloud

[UPDATES]
last_update_d = 2026-01-21 04:10:56.733120
last_update_h = 2026-01-21 04:22:04.544727
last_update_m = 2026-01-21 04:44:23.869294
last_update_v = 2023-10-25 16:52:16.653504

