[DEFAULT]
interv_d = 604800
interv_h = 43200
interv_m = 14400
fctnmt = cloud

[UPDATES]
last_update_d = 2026-01-07 04:10:51.630180
last_update_h = 2026-01-07 04:21:51.184878
last_update_m = 2026-01-07 00:44:29.651087
last_update_v = 2023-10-25 16:52:16.653504

