[DEFAULT]
interv_d = 604800
interv_h = 43200
interv_m = 14400
fctnmt = cloud

[UPDATES]
last_update_d = 2024-04-09 16:10:19.031137
last_update_h = 2024-04-09 16:21:22.859992
last_update_m = 2024-04-09 12:43:37.535189
last_update_v = 2023-10-25 16:52:16.653504

