[DEFAULT]
interv_d = 604800
interv_h = 43200
interv_m = 14400
fctnmt = cloud

[UPDATES]
last_update_d = 2025-03-26 04:10:50.465616
last_update_h = 2025-03-26 04:21:55.386055
last_update_m = 2025-03-26 04:44:07.800463
last_update_v = 2023-10-25 16:52:16.653504

