[DEFAULT]
interv_d = 604800
interv_h = 43200
interv_m = 14400
fctnmt = cloud

[UPDATES]
last_update_d = 2026-01-02 04:11:12.942055
last_update_h = 2026-01-02 04:22:31.681896
last_update_m = 2026-01-02 00:45:20.084545
last_update_v = 2023-10-25 16:52:16.653504

