[DEFAULT]
interv_d = 604800
interv_h = 43200
interv_m = 14400
fctnmt = cloud

[UPDATES]
last_update_d = 2025-10-22 16:10:49.863152
last_update_h = 2025-10-22 16:21:46.969646
last_update_m = 2025-10-22 16:43:52.082362
last_update_v = 2023-10-25 16:52:16.653504

