[DEFAULT]
interv_d = 604800
interv_h = 43200
interv_m = 14400
fctnmt = cloud

[UPDATES]
last_update_d = 2024-04-11 16:10:09.565855
last_update_h = 2024-04-11 16:21:25.543537
last_update_m = 2024-04-11 12:43:19.758619
last_update_v = 2023-10-25 16:52:16.653504

