[DEFAULT]
interv_d = 604800
interv_h = 43200
interv_m = 14400
fctnmt = cloud

[UPDATES]
last_update_d = 2024-02-06 04:09:45.942024
last_update_h = 2024-02-06 04:20:26.336979
last_update_m = 2024-02-06 00:41:55.329478
last_update_v = 2023-10-25 16:52:16.653504

