[DEFAULT]
interv_d = 604800
interv_h = 43200
interv_m = 14400
fctnmt = cloud

[UPDATES]
last_update_d = 2025-07-08 04:11:58.777914
last_update_h = 2025-07-08 04:23:24.165601
last_update_m = 2025-07-08 04:47:42.077739
last_update_v = 2023-10-25 16:52:16.653504

