[DEFAULT]
interv_d = 604800
interv_h = 43200
interv_m = 14400
fctnmt = cloud

[UPDATES]
last_update_d = 2024-11-19 08:09:57.565974
last_update_h = 2024-11-19 08:20:23.778376
last_update_m = 2024-11-19 08:41:16.145518
last_update_v = 2023-10-25 16:52:16.653504

