[DEFAULT]
interv_d = 604800
interv_h = 43200
interv_m = 14400
fctnmt = cloud

[UPDATES]
last_update_d = 2023-10-24 15:18:15.934823
last_update_h = 2023-12-28 04:10:24.238118
last_update_m = 2023-12-28 04:20:48.059979
last_update_v = 2023-10-25 16:52:16.653504

