[DEFAULT]
interv_d = 604800
interv_h = 43200
interv_m = 14400
fctnmt = cloud

[UPDATES]
last_update_d = 2026-04-16 12:10:48.259951
last_update_h = 2026-04-16 12:21:49.530154
last_update_m = 2026-04-16 12:43:42.952991
last_update_v = 2023-10-25 16:52:16.653504

