[DEFAULT]
interv_d = 604800
interv_h = 43200
interv_m = 14400
fctnmt = cloud

[UPDATES]
last_update_d = 2025-03-17 00:10:54.094447
last_update_h = 2025-03-17 00:22:07.897493
last_update_m = 2025-03-17 00:44:25.306589
last_update_v = 2023-10-25 16:52:16.653504

