[DEFAULT]
interv_d = 604800
interv_h = 43200
interv_m = 14400
fctnmt = cloud

[UPDATES]
last_update_d = 2025-11-11 12:11:22.969705
last_update_h = 2025-11-11 12:22:49.952632
last_update_m = 2025-11-11 08:45:50.030479
last_update_v = 2023-10-25 16:52:16.653504

