[DEFAULT]
interv_d = 604800
interv_h = 43200
interv_m = 14400
fctnmt = cloud

[UPDATES]
last_update_d = 2025-04-30 00:10:46.179658
last_update_h = 2025-04-30 00:22:03.361674
last_update_m = 2025-04-30 00:44:19.692981
last_update_v = 2023-10-25 16:52:16.653504

