[DEFAULT]
interv_d = 604800
interv_h = 43200
interv_m = 14400
fctnmt = cloud

[UPDATES]
last_update_d = 2026-07-15 20:11:07.042015
last_update_h = 2026-07-15 20:22:10.030250
last_update_m = 2026-07-15 16:44:34.858857
last_update_v = 2023-10-25 16:52:16.653504

