[DEFAULT]
interv_d = 604800
interv_h = 43200
interv_m = 14400
fctnmt = cloud

[UPDATES]
last_update_d = 2026-07-06 00:10:59.275181
last_update_h = 2026-07-06 00:22:16.755596
last_update_m = 2026-07-06 00:44:28.436286
last_update_v = 2023-10-25 16:52:16.653504

