[DEFAULT]
interv_d = 604800
interv_h = 43200
interv_m = 14400
fctnmt = cloud

[UPDATES]
last_update_d = 2024-04-12 20:10:16.327996
last_update_h = 2024-04-12 20:21:18.447365
last_update_m = 2024-04-12 16:43:38.735474
last_update_v = 2023-10-25 16:52:16.653504

