[DEFAULT]
interv_d = 604800
interv_h = 43200
interv_m = 14400
fctnmt = cloud

[UPDATES]
last_update_d = 2025-11-08 16:10:55.574689
last_update_h = 2025-11-08 16:22:02.027630
last_update_m = 2025-11-08 12:44:40.871584
last_update_v = 2023-10-25 16:52:16.653504

