[DEFAULT]
interv_d = 604800
interv_h = 43200
interv_m = 14400
fctnmt = cloud

[UPDATES]
last_update_d = 2025-07-02 04:12:28.381277
last_update_h = 2025-07-02 04:25:22.363253
last_update_m = 2025-07-02 04:51:19.655568
last_update_v = 2023-10-25 16:52:16.653504

