[DEFAULT]
interv_d = 604800
interv_h = 43200
interv_m = 14400
fctnmt = cloud

[UPDATES]
last_update_d = 2025-12-29 08:11:04.248862
last_update_h = 2025-12-29 08:22:18.274234
last_update_m = 2025-12-29 04:44:33.773391
last_update_v = 2023-10-25 16:52:16.653504

