[DEFAULT]
interv_d = 604800
interv_h = 43200
interv_m = 14400
fctnmt = cloud

[UPDATES]
last_update_d = 2025-05-07 08:10:48.273348
last_update_h = 2025-05-07 08:21:51.344512
last_update_m = 2025-05-07 08:43:41.167628
last_update_v = 2023-10-25 16:52:16.653504

