[DEFAULT]
interv_d = 604800
interv_h = 43200
interv_m = 14400
fctnmt = cloud

[UPDATES]
last_update_d = 2024-01-12 20:09:34.663509
last_update_h = 2024-01-12 20:20:00.839504
last_update_m = 2024-01-12 16:40:47.937668
last_update_v = 2023-10-25 16:52:16.653504

