[DEFAULT]
interv_d = 604800
interv_h = 43200
interv_m = 14400
fctnmt = cloud

[UPDATES]
last_update_d = 2025-12-03 20:11:03.538044
last_update_h = 2025-12-03 20:22:16.860036
last_update_m = 2025-12-03 16:44:43.358460
last_update_v = 2023-10-25 16:52:16.653504

