[DEFAULT]
interv_d = 604800
interv_h = 43200
interv_m = 14400
fctnmt = cloud

[UPDATES]
last_update_d = 2025-03-28 12:10:46.790317
last_update_h = 2025-03-28 12:21:56.110595
last_update_m = 2025-03-28 08:44:22.802903
last_update_v = 2023-10-25 16:52:16.653504

