[DEFAULT]
interv_d = 604800
interv_h = 43200
interv_m = 14400
fctnmt = cloud

[UPDATES]
last_update_d = 2025-12-06 12:11:07.459897
last_update_h = 2025-12-06 12:22:21.772151
last_update_m = 2025-12-06 12:45:21.244701
last_update_v = 2023-10-25 16:52:16.653504

