[DEFAULT]
interv_d = 604800
interv_h = 43200
interv_m = 14400
fctnmt = cloud

[UPDATES]
last_update_d = 2024-02-02 08:09:46.252846
last_update_h = 2024-02-02 08:20:30.672038
last_update_m = 2024-02-02 04:41:50.434187
last_update_v = 2023-10-25 16:52:16.653504

