[DEFAULT]
interv_d = 604800
interv_h = 43200
interv_m = 14400
fctnmt = cloud

[UPDATES]
last_update_d = 2025-12-31 00:11:04.800853
last_update_h = 2025-12-31 00:22:23.752955
last_update_m = 2025-12-31 00:44:45.541492
last_update_v = 2023-10-25 16:52:16.653504

