[DEFAULT]
interv_d = 604800
interv_h = 43200
interv_m = 14400
fctnmt = cloud

[UPDATES]
last_update_d = 2025-04-14 00:11:01.818128
last_update_h = 2025-04-14 00:22:16.803425
last_update_m = 2025-04-13 20:43:54.409793
last_update_v = 2023-10-25 16:52:16.653504

