[DEFAULT]
interv_d = 604800
interv_h = 43200
interv_m = 14400
fctnmt = cloud

[UPDATES]
last_update_d = 2024-10-11 16:09:51.359523
last_update_h = 2024-10-11 16:20:08.498274
last_update_m = 2024-10-11 16:40:51.361264
last_update_v = 2023-10-25 16:52:16.653504

