[DEFAULT]
interv_d = 604800
interv_h = 43200
interv_m = 14400
fctnmt = cloud

[UPDATES]
last_update_d = 2025-02-24 16:10:44.374796
last_update_h = 2025-02-24 16:21:52.889569
last_update_m = 2025-02-24 12:43:52.073653
last_update_v = 2023-10-25 16:52:16.653504

