[DEFAULT]
interv_d = 604800
interv_h = 43200
interv_m = 14400
fctnmt = cloud

[UPDATES]
last_update_d = 2025-07-13 20:10:36.579492
last_update_h = 2025-07-13 20:21:44.289068
last_update_m = 2025-07-13 20:43:22.929610
last_update_v = 2023-10-25 16:52:16.653504

