[DEFAULT]
interv_d = 604800
interv_h = 43200
interv_m = 14400
fctnmt = cloud

[UPDATES]
last_update_d = 2024-10-23 00:09:59.183178
last_update_h = 2024-10-23 00:20:22.591302
last_update_m = 2024-10-23 00:41:01.370903
last_update_v = 2023-10-25 16:52:16.653504

