[DEFAULT]
interv_d = 604800
interv_h = 43200
interv_m = 14400
fctnmt = cloud

[UPDATES]
last_update_d = 2024-12-24 20:10:43.388277
last_update_h = 2024-12-24 20:21:48.560694
last_update_m = 2024-12-24 20:43:59.071689
last_update_v = 2023-10-25 16:52:16.653504

