[DEFAULT]
interv_d = 604800
interv_h = 43200
interv_m = 14400
fctnmt = cloud

[UPDATES]
last_update_d = 2026-02-11 04:10:59.452522
last_update_h = 2026-02-11 04:22:07.268412
last_update_m = 2026-02-11 00:45:13.527726
last_update_v = 2023-10-25 16:52:16.653504

