[DEFAULT]
interv_d = 604800
interv_h = 43200
interv_m = 14400
fctnmt = cloud

[UPDATES]
last_update_d = 2024-10-26 08:09:49.683214
last_update_h = 2024-10-26 08:20:03.885009
last_update_m = 2024-10-26 04:40:59.189953
last_update_v = 2023-10-25 16:52:16.653504

