[DEFAULT]
interv_d = 604800
interv_h = 43200
interv_m = 14400
fctnmt = cloud

[UPDATES]
last_update_d = 2024-06-11 16:10:18.993602
last_update_h = 2024-06-11 16:21:12.316391
last_update_m = 2024-06-11 12:43:32.515221
last_update_v = 2023-10-25 16:52:16.653504

