[DEFAULT]
interv_d = 604800
interv_h = 43200
interv_m = 14400
fctnmt = cloud

[UPDATES]
last_update_d = 2026-04-21 00:11:00.038700
last_update_h = 2026-04-21 00:22:16.617931
last_update_m = 2026-04-21 00:44:14.658875
last_update_v = 2023-10-25 16:52:16.653504

