[DEFAULT]
interv_d = 604800
interv_h = 43200
interv_m = 14400
fctnmt = cloud

[UPDATES]
last_update_d = 2025-11-06 20:10:59.162955
last_update_h = 2025-11-06 20:22:22.876273
last_update_m = 2025-11-06 20:44:30.261146
last_update_v = 2023-10-25 16:52:16.653504

