[DEFAULT]
interv_d = 604800
interv_h = 43200
interv_m = 14400
fctnmt = cloud

[UPDATES]
last_update_d = 2024-09-14 08:10:43.768382
last_update_h = 2024-09-14 08:21:53.593894
last_update_m = 2024-09-14 08:44:11.656301
last_update_v = 2023-10-25 16:52:16.653504

