[DEFAULT]
interv_d = 604800
interv_h = 43200
interv_m = 14400
fctnmt = cloud

[UPDATES]
last_update_d = 2024-02-04 12:09:42.953003
last_update_h = 2024-02-04 12:20:30.437423
last_update_m = 2024-02-04 08:41:53.459995
last_update_v = 2023-10-25 16:52:16.653504

