[DEFAULT]
interv_d = 604800
interv_h = 43200
interv_m = 14400
fctnmt = cloud

[UPDATES]
last_update_d = 2025-04-09 08:10:55.477041
last_update_h = 2025-04-09 08:22:07.555321
last_update_m = 2025-04-09 08:44:33.701996
last_update_v = 2023-10-25 16:52:16.653504

