[DEFAULT]
interv_d = 604800
interv_h = 43200
interv_m = 14400
fctnmt = cloud

[UPDATES]
last_update_d = 2024-07-02 00:10:20.381478
last_update_h = 2024-07-02 00:21:27.900557
last_update_m = 2024-07-01 20:43:37.582809
last_update_v = 2023-10-25 16:52:16.653504

