[DEFAULT]
interv_d = 604800
interv_h = 43200
interv_m = 14400
fctnmt = cloud

[UPDATES]
last_update_d = 2025-07-05 08:11:43.028658
last_update_h = 2025-07-05 08:23:34.574809
last_update_m = 2025-07-05 08:47:52.763914
last_update_v = 2023-10-25 16:52:16.653504

