[DEFAULT]
interv_d = 604800
interv_h = 43200
interv_m = 14400
fctnmt = cloud

[UPDATES]
last_update_d = 2026-06-25 08:10:58.132702
last_update_h = 2026-06-25 08:21:54.848199
last_update_m = 2026-06-25 04:44:02.114966
last_update_v = 2023-10-25 16:52:16.653504

