[DEFAULT]
interv_d = 604800
interv_h = 43200
interv_m = 14400
fctnmt = cloud

[UPDATES]
last_update_d = 2024-05-03 16:10:22.462431
last_update_h = 2024-05-03 16:21:33.838811
last_update_m = 2024-05-03 16:43:44.647881
last_update_v = 2023-10-25 16:52:16.653504

