[DEFAULT]
interv_d = 604800
interv_h = 43200
interv_m = 14400
fctnmt = cloud

[UPDATES]
last_update_d = 2026-02-27 00:11:08.803108
last_update_h = 2026-02-27 00:22:38.263097
last_update_m = 2026-02-27 00:44:42.728314
last_update_v = 2023-10-25 16:52:16.653504

