[DEFAULT]
interv_d = 604800
interv_h = 43200
interv_m = 14400
fctnmt = cloud

[UPDATES]
last_update_d = 2025-06-13 08:11:50.386443
last_update_h = 2025-06-13 08:23:32.350029
last_update_m = 2025-06-13 08:46:17.646835
last_update_v = 2023-10-25 16:52:16.653504

