[DEFAULT]
interv_d = 604800
interv_h = 43200
interv_m = 14400
fctnmt = cloud

[UPDATES]
last_update_d = 2025-08-14 20:11:00.370978
last_update_h = 2025-08-14 20:22:21.262096
last_update_m = 2025-08-14 20:45:28.335441
last_update_v = 2023-10-25 16:52:16.653504

