[DEFAULT]
interv_d = 604800
interv_h = 43200
interv_m = 14400
fctnmt = cloud

[UPDATES]
last_update_d = 2024-08-17 20:10:36.951900
last_update_h = 2024-08-17 20:21:57.745159
last_update_m = 2024-08-17 20:44:14.312355
last_update_v = 2023-10-25 16:52:16.653504

