[DEFAULT]
interv_d = 604800
interv_h = 43200
interv_m = 14400
fctnmt = cloud

[UPDATES]
last_update_d = 2024-11-27 20:10:05.287994
last_update_h = 2024-11-27 20:20:42.782499
last_update_m = 2024-11-27 16:41:03.376949
last_update_v = 2023-10-25 16:52:16.653504

