[DEFAULT]
interv_d = 604800
interv_h = 43200
interv_m = 14400
fctnmt = cloud

[UPDATES]
last_update_d = 2026-07-15 16:11:04.315758
last_update_h = 2026-07-15 16:22:14.933024
last_update_m = 2026-07-15 16:44:34.858857
last_update_v = 2023-10-25 16:52:16.653504

