[DEFAULT]
interv_d = 604800
interv_h = 43200
interv_m = 14400
fctnmt = cloud

[UPDATES]
last_update_d = 2026-04-16 00:10:57.582170
last_update_h = 2026-04-16 00:22:13.126262
last_update_m = 2026-04-15 20:44:03.535906
last_update_v = 2023-10-25 16:52:16.653504

