[DEFAULT]
interv_d = 604800
interv_h = 43200
interv_m = 14400
fctnmt = cloud

[UPDATES]
last_update_d = 2024-10-10 20:09:56.174392
last_update_h = 2024-10-10 20:20:18.644219
last_update_m = 2024-10-10 16:41:19.584512
last_update_v = 2023-10-25 16:52:16.653504

