[DEFAULT]
interv_d = 604800
interv_h = 43200
interv_m = 14400
fctnmt = cloud

[UPDATES]
last_update_d = 2024-11-10 04:10:08.876368
last_update_h = 2024-11-10 04:20:41.690719
last_update_m = 2024-11-10 00:41:26.864446
last_update_v = 2023-10-25 16:52:16.653504

