[DEFAULT]
interv_d = 604800
interv_h = 43200
interv_m = 14400
fctnmt = cloud

[UPDATES]
last_update_d = 2026-03-01 20:10:55.456820
last_update_h = 2026-03-01 20:21:52.956793
last_update_m = 2026-03-01 16:43:39.757965
last_update_v = 2023-10-25 16:52:16.653504

