[DEFAULT]
interv_d = 604800
interv_h = 43200
interv_m = 14400
fctnmt = cloud

[UPDATES]
last_update_d = 2024-11-22 16:10:02.178234
last_update_h = 2024-11-22 16:20:17.467965
last_update_m = 2024-11-22 16:40:55.568293
last_update_v = 2023-10-25 16:52:16.653504

