[DEFAULT]
interv_d = 604800
interv_h = 43200
interv_m = 14400
fctnmt = cloud

[UPDATES]
last_update_d = 2025-12-04 00:11:36.743241
last_update_h = 2025-12-04 00:22:59.467663
last_update_m = 2025-12-04 00:45:20.766381
last_update_v = 2023-10-25 16:52:16.653504

