[DEFAULT]
interv_d = 604800
interv_h = 43200
interv_m = 14400
fctnmt = cloud

[UPDATES]
last_update_d = 2024-11-12 16:09:56.348818
last_update_h = 2024-11-12 16:20:11.570127
last_update_m = 2024-11-12 12:41:04.272359
last_update_v = 2023-10-25 16:52:16.653504

