[DEFAULT]
interv_d = 604800
interv_h = 43200
interv_m = 14400
fctnmt = cloud

[UPDATES]
last_update_d = 2025-03-28 08:10:56.691147
last_update_h = 2025-03-28 08:22:00.597269
last_update_m = 2025-03-28 04:44:26.701926
last_update_v = 2023-10-25 16:52:16.653504

