[DEFAULT]
interv_d = 604800
interv_h = 43200
interv_m = 14400
fctnmt = cloud

[UPDATES]
last_update_d = 2025-12-21 20:11:16.462928
last_update_h = 2025-12-21 20:22:26.842581
last_update_m = 2025-12-21 20:44:50.362956
last_update_v = 2023-10-25 16:52:16.653504

