[DEFAULT]
interv_d = 604800
interv_h = 43200
interv_m = 14400
fctnmt = cloud

[UPDATES]
last_update_d = 2024-11-21 04:09:58.996748
last_update_h = 2024-11-21 04:20:28.998367
last_update_m = 2024-11-21 04:41:16.288640
last_update_v = 2023-10-25 16:52:16.653504

