[DEFAULT]
interv_d = 604800
interv_h = 43200
interv_m = 14400
fctnmt = cloud

[UPDATES]
last_update_d = 2025-10-22 04:10:50.429313
last_update_h = 2025-10-22 04:21:45.664429
last_update_m = 2025-10-22 00:43:42.381396
last_update_v = 2023-10-25 16:52:16.653504

