[DEFAULT]
interv_d = 604800
interv_h = 43200
interv_m = 14400
fctnmt = cloud

[UPDATES]
last_update_d = 2026-07-11 00:11:01.947050
last_update_h = 2026-07-11 00:22:25.028666
last_update_m = 2026-07-11 00:44:41.044084
last_update_v = 2023-10-25 16:52:16.653504

