[DEFAULT]
interv_d = 604800
interv_h = 43200
interv_m = 14400
fctnmt = cloud

[UPDATES]
last_update_d = 2024-02-19 16:09:55.761839
last_update_h = 2024-02-19 16:20:40.029136
last_update_m = 2024-02-19 16:42:23.071508
last_update_v = 2023-10-25 16:52:16.653504

