[DEFAULT]
interv_d = 604800
interv_h = 43200
interv_m = 14400
fctnmt = cloud

[UPDATES]
last_update_d = 2025-03-05 12:10:43.885849
last_update_h = 2025-03-05 12:21:44.395965
last_update_m = 2025-03-05 12:43:42.901993
last_update_v = 2023-10-25 16:52:16.653504

