[DEFAULT]
interv_d = 604800
interv_h = 43200
interv_m = 14400
fctnmt = cloud

[UPDATES]
last_update_d = 2025-10-11 16:10:49.475301
last_update_h = 2025-10-11 16:21:45.639945
last_update_m = 2025-10-11 12:43:56.179162
last_update_v = 2023-10-25 16:52:16.653504

