[DEFAULT]
interv_d = 604800
interv_h = 43200
interv_m = 14400
fctnmt = cloud

[UPDATES]
last_update_d = 2025-01-30 04:10:30.363054
last_update_h = 2025-01-30 04:21:21.462012
last_update_m = 2025-01-30 04:43:11.390871
last_update_v = 2023-10-25 16:52:16.653504

