[DEFAULT]
interv_d = 604800
interv_h = 43200
interv_m = 14400
fctnmt = cloud

[UPDATES]
last_update_d = 2024-09-06 08:10:31.492813
last_update_h = 2024-09-06 08:21:34.079031
last_update_m = 2024-09-06 04:42:37.662991
last_update_v = 2023-10-25 16:52:16.653504

