[DEFAULT]
interv_d = 604800
interv_h = 43200
interv_m = 14400
fctnmt = cloud

[UPDATES]
last_update_d = 2025-10-31 00:10:50.160632
last_update_h = 2025-10-31 00:22:06.162116
last_update_m = 2025-10-31 00:43:53.570542
last_update_v = 2023-10-25 16:52:16.653504

