[DEFAULT]
interv_d = 604800
interv_h = 43200
interv_m = 14400
fctnmt = cloud

[UPDATES]
last_update_d = 2025-02-14 20:10:39.873645
last_update_h = 2025-02-14 20:21:35.586778
last_update_m = 2025-02-14 16:43:50.563744
last_update_v = 2023-10-25 16:52:16.653504

