[DEFAULT]
interv_d = 604800
interv_h = 43200
interv_m = 14400
fctnmt = cloud

[UPDATES]
last_update_d = 2024-01-21 12:09:49.343435
last_update_h = 2024-01-21 12:20:29.424966
last_update_m = 2024-01-21 08:42:25.949802
last_update_v = 2023-10-25 16:52:16.653504

