[DEFAULT]
interv_d = 604800
interv_h = 43200
interv_m = 14400
fctnmt = cloud

[UPDATES]
last_update_d = 2024-08-05 16:10:34.873337
last_update_h = 2024-08-05 16:21:42.923760
last_update_m = 2024-08-05 16:43:57.235537
last_update_v = 2023-10-25 16:52:16.653504

