[DEFAULT]
interv_d = 604800
interv_h = 43200
interv_m = 14400
fctnmt = cloud

[UPDATES]
last_update_d = 2025-08-25 16:10:53.172167
last_update_h = 2025-08-25 16:21:59.546124
last_update_m = 2025-08-25 16:44:23.144413
last_update_v = 2023-10-25 16:52:16.653504

