[DEFAULT]
interv_d = 604800
interv_h = 43200
interv_m = 14400
fctnmt = cloud

[UPDATES]
last_update_d = 2025-03-09 00:10:46.472249
last_update_h = 2025-03-09 00:21:57.902314
last_update_m = 2025-03-09 00:43:52.399530
last_update_v = 2023-10-25 16:52:16.653504

