[DEFAULT]
interv_d = 604800
interv_h = 43200
interv_m = 14400
fctnmt = cloud

[UPDATES]
last_update_d = 2025-02-22 00:10:45.087107
last_update_h = 2025-02-22 00:22:08.572669
last_update_m = 2025-02-21 20:44:02.110988
last_update_v = 2023-10-25 16:52:16.653504

