[DEFAULT]
interv_d = 604800
interv_h = 43200
interv_m = 14400
fctnmt = cloud

[UPDATES]
last_update_d = 2026-01-29 12:10:56.468419
last_update_h = 2026-01-29 12:22:21.770492
last_update_m = 2026-01-29 12:44:24.629719
last_update_v = 2023-10-25 16:52:16.653504

