[DEFAULT]
interv_d = 604800
interv_h = 43200
interv_m = 14400
fctnmt = cloud

[UPDATES]
last_update_d = 2025-01-01 00:10:52.091574
last_update_h = 2025-01-01 00:22:18.900234
last_update_m = 2024-12-31 20:44:18.797067
last_update_v = 2023-10-25 16:52:16.653504

