[DEFAULT]
interv_d = 604800
interv_h = 43200
interv_m = 14400
fctnmt = cloud

[UPDATES]
last_update_d = 2024-11-09 20:10:11.666109
last_update_h = 2024-11-09 20:20:43.999277
last_update_m = 2024-11-09 16:40:50.976637
last_update_v = 2023-10-25 16:52:16.653504

