[DEFAULT]
interv_d = 604800
interv_h = 43200
interv_m = 14400
fctnmt = cloud

[UPDATES]
last_update_d = 2024-08-14 00:10:34.444091
last_update_h = 2024-08-13 20:21:46.257426
last_update_m = 2024-08-13 20:44:19.850969
last_update_v = 2023-10-25 16:52:16.653504

