[DEFAULT]
interv_d = 604800
interv_h = 43200
interv_m = 14400
fctnmt = cloud

[UPDATES]
last_update_d = 2026-02-04 16:10:53.163338
last_update_h = 2026-02-04 16:21:58.956606
last_update_m = 2026-02-04 12:44:29.328034
last_update_v = 2023-10-25 16:52:16.653504

