[DEFAULT]
interv_d = 604800
interv_h = 43200
interv_m = 14400
fctnmt = cloud

[UPDATES]
last_update_d = 2026-05-28 00:10:57.565750
last_update_h = 2026-05-28 00:22:22.049487
last_update_m = 2026-05-27 20:44:34.331684
last_update_v = 2023-10-25 16:52:16.653504

