[DEFAULT]
interv_d = 604800
interv_h = 43200
interv_m = 14400
fctnmt = cloud

[UPDATES]
last_update_d = 2025-05-28 08:11:07.779758
last_update_h = 2025-05-28 08:21:59.182637
last_update_m = 2025-05-28 08:43:42.583862
last_update_v = 2023-10-25 16:52:16.653504

