[DEFAULT]
interv_d = 604800
interv_h = 43200
interv_m = 14400
fctnmt = cloud

[UPDATES]
last_update_d = 2025-09-06 00:11:00.347838
last_update_h = 2025-09-06 00:22:23.459251
last_update_m = 2025-09-06 00:44:32.938566
last_update_v = 2023-10-25 16:52:16.653504

