[DEFAULT]
interv_d = 604800
interv_h = 43200
interv_m = 14400
fctnmt = cloud

[UPDATES]
last_update_d = 2024-08-30 08:10:37.737137
last_update_h = 2024-08-30 08:21:41.912064
last_update_m = 2024-08-30 04:44:17.844161
last_update_v = 2023-10-25 16:52:16.653504

