[DEFAULT]
interv_d = 604800
interv_h = 43200
interv_m = 14400
fctnmt = cloud

[UPDATES]
last_update_d = 2025-08-17 08:10:49.763554
last_update_h = 2025-08-17 08:21:49.670777
last_update_m = 2025-08-17 04:43:55.153732
last_update_v = 2023-10-25 16:52:16.653504

