[DEFAULT]
interv_d = 604800
interv_h = 43200
interv_m = 14400
fctnmt = cloud

[UPDATES]
last_update_d = 2026-02-19 08:10:52.475905
last_update_h = 2026-02-19 08:21:57.081888
last_update_m = 2026-02-19 04:44:01.234031
last_update_v = 2023-10-25 16:52:16.653504

