[DEFAULT]
interv_d = 604800
interv_h = 43200
interv_m = 14400
fctnmt = cloud

[UPDATES]
last_update_d = 2024-09-27 20:10:15.394641
last_update_h = 2024-09-27 20:20:57.275693
last_update_m = 2024-09-27 20:42:23.681666
last_update_v = 2023-10-25 16:52:16.653504

