[DEFAULT]
interv_d = 604800
interv_h = 43200
interv_m = 14400
fctnmt = cloud

[UPDATES]
last_update_d = 2025-12-11 20:11:05.142560
last_update_h = 2025-12-11 20:22:12.238439
last_update_m = 2025-12-11 16:44:45.575178
last_update_v = 2023-10-25 16:52:16.653504

