[DEFAULT]
interv_d = 604800
interv_h = 43200
interv_m = 14400
fctnmt = cloud

[UPDATES]
last_update_d = 2025-03-25 16:10:55.291151
last_update_h = 2025-03-25 16:22:05.410152
last_update_m = 2025-03-25 12:44:25.679787
last_update_v = 2023-10-25 16:52:16.653504

