[DEFAULT]
interv_d = 604800
interv_h = 43200
interv_m = 14400
fctnmt = cloud

[UPDATES]
last_update_d = 2025-01-01 12:10:51.290946
last_update_h = 2025-01-01 12:22:02.966714
last_update_m = 2025-01-01 12:44:24.595290
last_update_v = 2023-10-25 16:52:16.653504

