[DEFAULT]
interv_d = 604800
interv_h = 43200
interv_m = 14400
fctnmt = cloud

[UPDATES]
last_update_d = 2024-08-18 20:10:47.535224
last_update_h = 2024-08-18 20:22:03.647878
last_update_m = 2024-08-18 16:44:45.552888
last_update_v = 2023-10-25 16:52:16.653504

