[DEFAULT]
interv_d = 604800
interv_h = 43200
interv_m = 14400
fctnmt = cloud

[UPDATES]
last_update_d = 2026-01-30 04:10:56.668364
last_update_h = 2026-01-30 04:22:00.261960
last_update_m = 2026-01-30 04:44:15.261768
last_update_v = 2023-10-25 16:52:16.653504

