[DEFAULT]
interv_d = 604800
interv_h = 43200
interv_m = 14400
fctnmt = cloud

[UPDATES]
last_update_d = 2024-04-07 00:10:25.263825
last_update_h = 2024-04-06 20:21:26.043147
last_update_m = 2024-04-06 20:43:36.025469
last_update_v = 2023-10-25 16:52:16.653504

