[DEFAULT]
interv_d = 604800
interv_h = 43200
interv_m = 14400
fctnmt = cloud

[UPDATES]
last_update_d = 2023-12-30 16:09:23.362566
last_update_h = 2023-12-30 16:19:45.163531
last_update_m = 2023-12-30 12:40:25.547270
last_update_v = 2023-10-25 16:52:16.653504

