[DEFAULT]
interv_d = 604800
interv_h = 43200
interv_m = 14400
fctnmt = cloud

[UPDATES]
last_update_d = 2025-11-05 08:11:21.160512
last_update_h = 2025-11-05 08:22:46.284264
last_update_m = 2025-11-05 04:46:17.244857
last_update_v = 2023-10-25 16:52:16.653504

