[DEFAULT]
interv_d = 604800
interv_h = 43200
interv_m = 14400
fctnmt = cloud

[UPDATES]
last_update_d = 2024-04-01 20:10:14.653371
last_update_h = 2024-04-01 20:21:16.567922
last_update_m = 2024-04-01 16:43:41.667187
last_update_v = 2023-10-25 16:52:16.653504

