[DEFAULT]
interv_d = 604800
interv_h = 43200
interv_m = 14400
fctnmt = cloud

[UPDATES]
last_update_d = 2025-12-10 04:11:14.839598
last_update_h = 2025-12-10 04:22:26.055918
last_update_m = 2025-12-10 04:44:50.662682
last_update_v = 2023-10-25 16:52:16.653504

