[DEFAULT]
interv_d = 604800
interv_h = 43200
interv_m = 14400
fctnmt = cloud

[UPDATES]
last_update_d = 2025-07-27 16:10:44.338421
last_update_h = 2025-07-27 16:21:35.347562
last_update_m = 2025-07-27 16:43:18.950361
last_update_v = 2023-10-25 16:52:16.653504

