[DEFAULT]
interv_d = 604800
interv_h = 43200
interv_m = 14400
fctnmt = cloud

[UPDATES]
last_update_d = 2024-05-13 16:10:26.592160
last_update_h = 2024-05-13 16:21:39.191659
last_update_m = 2024-05-13 12:44:18.222341
last_update_v = 2023-10-25 16:52:16.653504

