[DEFAULT]
interv_d = 604800
interv_h = 43200
interv_m = 14400
fctnmt = cloud

[UPDATES]
last_update_d = 2026-06-12 12:10:56.836755
last_update_h = 2026-06-12 12:21:48.525044
last_update_m = 2026-06-12 12:43:41.645145
last_update_v = 2023-10-25 16:52:16.653504

