[DEFAULT]
interv_d = 604800
interv_h = 43200
interv_m = 14400
fctnmt = cloud

[UPDATES]
last_update_d = 2024-11-05 00:09:53.863130
last_update_h = 2024-11-05 00:20:15.443919
last_update_m = 2024-11-04 20:41:09.792672
last_update_v = 2023-10-25 16:52:16.653504

