[DEFAULT]
interv_d = 604800
interv_h = 43200
interv_m = 14400
fctnmt = cloud

[UPDATES]
last_update_d = 2026-01-17 04:11:07.054846
last_update_h = 2026-01-17 04:22:06.642657
last_update_m = 2026-01-17 00:45:11.235665
last_update_v = 2023-10-25 16:52:16.653504

