[DEFAULT]
interv_d = 604800
interv_h = 43200
interv_m = 14400
fctnmt = cloud

[UPDATES]
last_update_d = 2025-04-19 00:10:50.076071
last_update_h = 2025-04-19 00:22:06.204107
last_update_m = 2025-04-19 00:44:16.109433
last_update_v = 2023-10-25 16:52:16.653504

