[DEFAULT]
interv_d = 604800
interv_h = 43200
interv_m = 14400
fctnmt = cloud

[UPDATES]
last_update_d = 2026-05-18 16:10:59.765872
last_update_h = 2026-05-18 16:22:01.628684
last_update_m = 2026-05-18 12:44:21.416765
last_update_v = 2023-10-25 16:52:16.653504

