[DEFAULT]
interv_d = 604800
interv_h = 43200
interv_m = 14400
fctnmt = cloud

[UPDATES]
last_update_d = 2025-03-28 20:11:08.978701
last_update_h = 2025-03-28 20:22:25.313379
last_update_m = 2025-03-28 16:44:51.292202
last_update_v = 2023-10-25 16:52:16.653504

