[DEFAULT]
interv_d = 604800
interv_h = 43200
interv_m = 14400
fctnmt = cloud

[UPDATES]
last_update_d = 2026-05-03 08:11:00.939419
last_update_h = 2026-05-03 08:22:02.865065
last_update_m = 2026-05-03 04:43:41.653537
last_update_v = 2023-10-25 16:52:16.653504

