[DEFAULT]
interv_d = 604800
interv_h = 43200
interv_m = 14400
fctnmt = cloud

[UPDATES]
last_update_d = 2024-04-02 20:10:18.338769
last_update_h = 2024-04-02 20:21:28.649651
last_update_m = 2024-04-02 20:43:56.156243
last_update_v = 2023-10-25 16:52:16.653504

