[DEFAULT]
interv_d = 604800
interv_h = 43200
interv_m = 14400
fctnmt = cloud

[UPDATES]
last_update_d = 2024-03-01 08:09:59.050002
last_update_h = 2024-03-01 08:20:53.727128
last_update_m = 2024-03-01 08:42:20.340959
last_update_v = 2023-10-25 16:52:16.653504

