[DEFAULT]
interv_d = 604800
interv_h = 43200
interv_m = 14400
fctnmt = cloud

[UPDATES]
last_update_d = 2026-03-22 00:11:13.240318
last_update_h = 2026-03-22 00:22:42.030199
last_update_m = 2026-03-21 20:44:10.248214
last_update_v = 2023-10-25 16:52:16.653504

