[DEFAULT]
interv_d = 604800
interv_h = 43200
interv_m = 14400
fctnmt = cloud

[UPDATES]
last_update_d = 2024-09-11 00:10:38.655202
last_update_h = 2024-09-11 00:22:10.589651
last_update_m = 2024-09-10 20:43:04.157983
last_update_v = 2023-10-25 16:52:16.653504

