[DEFAULT]
interv_d = 604800
interv_h = 43200
interv_m = 14400
fctnmt = cloud

[UPDATES]
last_update_d = 2026-06-11 08:11:00.357063
last_update_h = 2026-06-11 08:22:06.555268
last_update_m = 2026-06-11 04:43:43.459833
last_update_v = 2023-10-25 16:52:16.653504

