[DEFAULT]
interv_d = 604800
interv_h = 43200
interv_m = 14400
fctnmt = cloud

[UPDATES]
last_update_d = 2025-12-18 00:11:15.385374
last_update_h = 2025-12-18 00:22:59.973402
last_update_m = 2025-12-17 20:44:20.978083
last_update_v = 2023-10-25 16:52:16.653504

