[DEFAULT]
interv_d = 604800
interv_h = 43200
interv_m = 14400
fctnmt = cloud

[UPDATES]
last_update_d = 2026-01-19 08:11:07.759278
last_update_h = 2026-01-19 08:22:14.073953
last_update_m = 2026-01-19 04:45:06.165078
last_update_v = 2023-10-25 16:52:16.653504

