[DEFAULT]
interv_d = 604800
interv_h = 43200
interv_m = 14400
fctnmt = cloud

[UPDATES]
last_update_d = 2025-10-17 20:11:06.165831
last_update_h = 2025-10-17 20:22:30.128148
last_update_m = 2025-10-17 16:44:22.375813
last_update_v = 2023-10-25 16:52:16.653504

