[DEFAULT]
interv_d = 604800
interv_h = 43200
interv_m = 14400
fctnmt = cloud

[UPDATES]
last_update_d = 2026-01-11 08:10:51.671758
last_update_h = 2026-01-11 08:21:47.749669
last_update_m = 2026-01-11 08:44:01.152010
last_update_v = 2023-10-25 16:52:16.653504

