[DEFAULT]
interv_d = 604800
interv_h = 43200
interv_m = 14400
fctnmt = cloud

[UPDATES]
last_update_d = 2024-11-20 12:09:53.398467
last_update_h = 2024-11-20 12:20:21.753318
last_update_m = 2024-11-20 08:40:47.497164
last_update_v = 2023-10-25 16:52:16.653504

