[DEFAULT]
interv_d = 604800
interv_h = 43200
interv_m = 14400
fctnmt = cloud

[UPDATES]
last_update_d = 2026-01-06 16:10:59.971233
last_update_h = 2026-01-06 16:21:52.581553
last_update_m = 2026-01-06 12:43:45.754351
last_update_v = 2023-10-25 16:52:16.653504

