[DEFAULT]
interv_d = 604800
interv_h = 43200
interv_m = 14400
fctnmt = cloud

[UPDATES]
last_update_d = 2026-05-04 16:10:57.945189
last_update_h = 2026-05-04 16:21:56.035620
last_update_m = 2026-05-04 12:43:35.340460
last_update_v = 2023-10-25 16:52:16.653504

