[DEFAULT]
interv_d = 604800
interv_h = 43200
interv_m = 14400
fctnmt = cloud

[UPDATES]
last_update_d = 2025-06-24 00:11:52.583984
last_update_h = 2025-06-24 00:24:35.877883
last_update_m = 2025-06-23 20:47:51.753789
last_update_v = 2023-10-25 16:52:16.653504

