[DEFAULT]
interv_d = 604800
interv_h = 43200
interv_m = 14400
fctnmt = cloud

[UPDATES]
last_update_d = 2025-07-09 20:12:00.666126
last_update_h = 2025-07-09 20:23:34.347389
last_update_m = 2025-07-09 20:47:44.783711
last_update_v = 2023-10-25 16:52:16.653504

