[DEFAULT]
interv_d = 604800
interv_h = 43200
interv_m = 14400
fctnmt = cloud

[UPDATES]
last_update_d = 2025-07-19 20:10:47.679836
last_update_h = 2025-07-19 20:21:43.166049
last_update_m = 2025-07-19 16:43:18.175903
last_update_v = 2023-10-25 16:52:16.653504

