[DEFAULT]
interv_d = 604800
interv_h = 43200
interv_m = 14400
fctnmt = cloud

[UPDATES]
last_update_d = 2025-04-14 08:10:45.300924
last_update_h = 2025-04-14 08:21:39.608132
last_update_m = 2025-04-14 04:44:27.375479
last_update_v = 2023-10-25 16:52:16.653504

