[DEFAULT]
interv_d = 604800
interv_h = 43200
interv_m = 14400
fctnmt = cloud

[UPDATES]
last_update_d = 2026-07-15 04:10:53.562006
last_update_h = 2026-07-15 04:21:57.466163
last_update_m = 2026-07-15 00:44:36.034240
last_update_v = 2023-10-25 16:52:16.653504

