[DEFAULT]
interv_d = 604800
interv_h = 43200
interv_m = 14400
fctnmt = cloud

[UPDATES]
last_update_d = 2025-08-07 08:10:38.367623
last_update_h = 2025-08-07 08:21:33.141664
last_update_m = 2025-08-07 04:43:22.057112
last_update_v = 2023-10-25 16:52:16.653504

