[DEFAULT]
interv_d = 604800
interv_h = 43200
interv_m = 14400
fctnmt = cloud

[UPDATES]
last_update_d = 2026-05-19 08:10:52.439361
last_update_h = 2026-05-19 08:21:52.753786
last_update_m = 2026-05-19 04:43:38.556453
last_update_v = 2023-10-25 16:52:16.653504

