[DEFAULT]
interv_d = 604800
interv_h = 43200
interv_m = 14400
fctnmt = cloud

[UPDATES]
last_update_d = 2025-08-19 12:10:59.283679
last_update_h = 2025-08-19 12:22:08.127487
last_update_m = 2025-08-19 12:44:40.651026
last_update_v = 2023-10-25 16:52:16.653504

