[DEFAULT]
interv_d = 604800
interv_h = 43200
interv_m = 14400
fctnmt = cloud

[UPDATES]
last_update_d = 2025-04-18 08:10:45.075228
last_update_h = 2025-04-18 08:21:41.861513
last_update_m = 2025-04-18 08:43:56.402819
last_update_v = 2023-10-25 16:52:16.653504

