[DEFAULT]
interv_d = 604800
interv_h = 43200
interv_m = 14400
fctnmt = cloud

[UPDATES]
last_update_d = 2024-06-03 16:10:14.009709
last_update_h = 2024-06-03 16:21:07.079167
last_update_m = 2024-06-03 16:42:52.209555
last_update_v = 2023-10-25 16:52:16.653504

