[DEFAULT]
interv_d = 604800
interv_h = 43200
interv_m = 14400
fctnmt = cloud

[UPDATES]
last_update_d = 2024-05-15 00:10:34.380889
last_update_h = 2024-05-15 00:22:08.016272
last_update_m = 2024-05-15 00:44:22.128091
last_update_v = 2023-10-25 16:52:16.653504

