[DEFAULT]
interv_d = 604800
interv_h = 43200
interv_m = 14400
fctnmt = cloud

[UPDATES]
last_update_d = 2024-11-09 00:10:02.974890
last_update_h = 2024-11-09 00:20:27.585602
last_update_m = 2024-11-09 00:41:21.673707
last_update_v = 2023-10-25 16:52:16.653504

