[DEFAULT]
interv_d = 604800
interv_h = 43200
interv_m = 14400
fctnmt = cloud

[UPDATES]
last_update_d = 2025-04-24 20:10:55.605971
last_update_h = 2025-04-24 20:22:00.175646
last_update_m = 2025-04-24 20:44:08.575507
last_update_v = 2023-10-25 16:52:16.653504

