[DEFAULT]
interv_d = 604800
interv_h = 43200
interv_m = 14400
fctnmt = cloud

[UPDATES]
last_update_d = 2024-06-11 20:10:11.505181
last_update_h = 2024-06-11 20:21:14.420608
last_update_m = 2024-06-11 16:43:09.701313
last_update_v = 2023-10-25 16:52:16.653504

