[DEFAULT]
interv_d = 604800
interv_h = 43200
interv_m = 14400
fctnmt = cloud

[UPDATES]
last_update_d = 2025-09-22 12:10:54.482665
last_update_h = 2025-09-22 12:22:02.849120
last_update_m = 2025-09-22 08:44:43.667564
last_update_v = 2023-10-25 16:52:16.653504

