[DEFAULT]
interv_d = 604800
interv_h = 43200
interv_m = 14400
fctnmt = cloud

[UPDATES]
last_update_d = 2025-02-10 16:10:39.788489
last_update_h = 2025-02-10 16:21:51.787635
last_update_m = 2025-02-10 12:44:03.072945
last_update_v = 2023-10-25 16:52:16.653504

