[DEFAULT]
interv_d = 604800
interv_h = 43200
interv_m = 14400
fctnmt = cloud

[UPDATES]
last_update_d = 2025-09-28 16:11:18.245940
last_update_h = 2025-09-28 16:22:37.837592
last_update_m = 2025-09-28 16:45:45.581676
last_update_v = 2023-10-25 16:52:16.653504

