[DEFAULT]
interv_d = 604800
interv_h = 43200
interv_m = 14400
fctnmt = cloud

[UPDATES]
last_update_d = 2025-04-15 16:10:50.499837
last_update_h = 2025-04-15 16:21:58.798151
last_update_m = 2025-04-15 12:44:31.399669
last_update_v = 2023-10-25 16:52:16.653504

