[DEFAULT]
interv_d = 604800
interv_h = 43200
interv_m = 14400
fctnmt = cloud

[UPDATES]
last_update_d = 2025-04-25 12:10:56.206714
last_update_h = 2025-04-25 12:22:07.784711
last_update_m = 2025-04-25 12:44:31.673060
last_update_v = 2023-10-25 16:52:16.653504

