[DEFAULT]
interv_d = 604800
interv_h = 43200
interv_m = 14400
fctnmt = cloud

[UPDATES]
last_update_d = 2026-01-22 20:11:03.872570
last_update_h = 2026-01-22 20:22:13.756270
last_update_m = 2026-01-22 16:45:33.581152
last_update_v = 2023-10-25 16:52:16.653504

