[DEFAULT]
interv_d = 604800
interv_h = 43200
interv_m = 14400
fctnmt = cloud

[UPDATES]
last_update_d = 2024-05-21 16:10:26.800702
last_update_h = 2024-05-21 16:21:31.226023
last_update_m = 2024-05-21 12:43:34.904161
last_update_v = 2023-10-25 16:52:16.653504

