[DEFAULT]
interv_d = 604800
interv_h = 43200
interv_m = 14400
fctnmt = cloud

[UPDATES]
last_update_d = 2025-09-06 08:10:46.940605
last_update_h = 2025-09-06 08:21:44.046748
last_update_m = 2025-09-06 08:43:41.375926
last_update_v = 2023-10-25 16:52:16.653504

