[DEFAULT]
interv_d = 604800
interv_h = 43200
interv_m = 14400
fctnmt = cloud

[UPDATES]
last_update_d = 2026-01-07 20:10:55.657068
last_update_h = 2026-01-07 20:21:53.346287
last_update_m = 2026-01-07 16:43:43.064805
last_update_v = 2023-10-25 16:52:16.653504

