[DEFAULT]
interv_d = 604800
interv_h = 43200
interv_m = 14400
fctnmt = cloud

[UPDATES]
last_update_d = 2024-08-13 08:10:37.666434
last_update_h = 2024-08-13 08:22:03.620490
last_update_m = 2024-08-13 08:44:25.320327
last_update_v = 2023-10-25 16:52:16.653504

