[DEFAULT]
interv_d = 604800
interv_h = 43200
interv_m = 14400
fctnmt = cloud

[UPDATES]
last_update_d = 2024-11-02 20:10:04.299222
last_update_h = 2024-11-02 20:20:30.565686
last_update_m = 2024-11-02 16:41:26.475880
last_update_v = 2023-10-25 16:52:16.653504

