[DEFAULT]
interv_d = 604800
interv_h = 43200
interv_m = 14400
fctnmt = cloud

[UPDATES]
last_update_d = 2025-04-17 04:10:45.601906
last_update_h = 2025-04-17 04:21:46.498257
last_update_m = 2025-04-17 04:44:15.175672
last_update_v = 2023-10-25 16:52:16.653504

