[DEFAULT]
interv_d = 604800
interv_h = 43200
interv_m = 14400
fctnmt = cloud

[UPDATES]
last_update_d = 2025-10-30 00:10:45.596694
last_update_h = 2025-10-30 00:22:06.658552
last_update_m = 2025-10-29 20:43:51.068805
last_update_v = 2023-10-25 16:52:16.653504

