[DEFAULT]
interv_d = 604800
interv_h = 43200
interv_m = 14400
fctnmt = cloud

[UPDATES]
last_update_d = 2024-09-03 00:10:18.690803
last_update_h = 2024-09-03 00:21:23.470190
last_update_m = 2024-09-02 20:42:47.603421
last_update_v = 2023-10-25 16:52:16.653504

