[DEFAULT]
interv_d = 604800
interv_h = 43200
interv_m = 14400
fctnmt = cloud

[UPDATES]
last_update_d = 2026-01-13 20:11:10.140284
last_update_h = 2026-01-13 20:22:26.160389
last_update_m = 2026-01-13 16:44:04.947712
last_update_v = 2023-10-25 16:52:16.653504

