[DEFAULT]
interv_d = 604800
interv_h = 43200
interv_m = 14400
fctnmt = cloud

[UPDATES]
last_update_d = 2024-12-28 04:10:42.081043
last_update_h = 2024-12-28 04:21:45.394050
last_update_m = 2024-12-28 00:44:25.281175
last_update_v = 2023-10-25 16:52:16.653504

