[DEFAULT]
interv_d = 604800
interv_h = 43200
interv_m = 14400
fctnmt = cloud

[UPDATES]
last_update_d = 2024-08-27 04:11:04.360387
last_update_h = 2024-08-27 04:22:34.241969
last_update_m = 2024-08-27 04:45:36.544719
last_update_v = 2023-10-25 16:52:16.653504

