[DEFAULT]
interv_d = 604800
interv_h = 43200
interv_m = 14400
fctnmt = cloud

[UPDATES]
last_update_d = 2024-02-03 12:09:46.147268
last_update_h = 2024-02-03 12:20:34.141045
last_update_m = 2024-02-03 12:42:06.161345
last_update_v = 2023-10-25 16:52:16.653504

