[DEFAULT]
interv_d = 604800
interv_h = 43200
interv_m = 14400
fctnmt = cloud

[UPDATES]
last_update_d = 2024-03-30 08:10:21.319950
last_update_h = 2024-03-30 08:21:31.870980
last_update_m = 2024-03-30 08:43:58.857578
last_update_v = 2023-10-25 16:52:16.653504

