[DEFAULT]
interv_d = 604800
interv_h = 43200
interv_m = 14400
fctnmt = cloud

[UPDATES]
last_update_d = 2024-04-03 16:10:13.448056
last_update_h = 2024-04-03 16:21:22.464099
last_update_m = 2024-04-03 16:43:26.768276
last_update_v = 2023-10-25 16:52:16.653504

