[DEFAULT]
interv_d = 604800
interv_h = 43200
interv_m = 14400
fctnmt = cloud

[UPDATES]
last_update_d = 2026-01-02 08:11:13.481253
last_update_h = 2026-01-02 08:22:30.257552
last_update_m = 2026-01-02 08:44:52.675583
last_update_v = 2023-10-25 16:52:16.653504

