[DEFAULT]
interv_d = 604800
interv_h = 43200
interv_m = 14400
fctnmt = cloud

[UPDATES]
last_update_d = 2025-12-15 16:11:11.974922
last_update_h = 2025-12-15 16:23:33.874902
last_update_m = 2025-12-15 16:45:59.673072
last_update_v = 2023-10-25 16:52:16.653504

