[DEFAULT]
interv_d = 604800
interv_h = 43200
interv_m = 14400
fctnmt = cloud

[UPDATES]
last_update_d = 2026-03-10 00:10:53.249055
last_update_h = 2026-03-10 00:22:25.044058
last_update_m = 2026-03-10 00:44:28.820351
last_update_v = 2023-10-25 16:52:16.653504

