[DEFAULT]
interv_d = 604800
interv_h = 43200
interv_m = 14400
fctnmt = cloud

[UPDATES]
last_update_d = 2025-05-30 08:10:47.729860
last_update_h = 2025-05-30 08:21:40.956127
last_update_m = 2025-05-30 04:43:05.178803
last_update_v = 2023-10-25 16:52:16.653504

