[DEFAULT]
interv_d = 604800
interv_h = 43200
interv_m = 14400
fctnmt = cloud

[UPDATES]
last_update_d = 2025-04-04 12:11:02.667666
last_update_h = 2025-04-04 12:22:12.378167
last_update_m = 2025-04-04 12:44:36.997774
last_update_v = 2023-10-25 16:52:16.653504

