[DEFAULT]
interv_d = 604800
interv_h = 43200
interv_m = 14400
fctnmt = cloud

[UPDATES]
last_update_d = 2025-02-07 00:11:12.694929
last_update_h = 2025-02-07 00:22:27.304857
last_update_m = 2025-02-06 20:44:07.775664
last_update_v = 2023-10-25 16:52:16.653504

