[DEFAULT]
interv_d = 604800
interv_h = 43200
interv_m = 14400
fctnmt = cloud

[UPDATES]
last_update_d = 2025-02-17 04:10:41.657865
last_update_h = 2025-02-17 04:21:42.191384
last_update_m = 2025-02-17 04:43:46.203292
last_update_v = 2023-10-25 16:52:16.653504

