[DEFAULT]
interv_d = 604800
interv_h = 43200
interv_m = 14400
fctnmt = cloud

[UPDATES]
last_update_d = 2024-10-16 00:09:57.068673
last_update_h = 2024-10-16 00:20:20.154731
last_update_m = 2024-10-16 00:41:06.072412
last_update_v = 2023-10-25 16:52:16.653504

