[DEFAULT]
interv_d = 604800
interv_h = 43200
interv_m = 14400
fctnmt = cloud

[UPDATES]
last_update_d = 2025-10-01 16:10:58.541165
last_update_h = 2025-10-01 16:21:55.578468
last_update_m = 2025-10-01 12:44:39.368631
last_update_v = 2023-10-25 16:52:16.653504

