[DEFAULT]
interv_d = 604800
interv_h = 43200
interv_m = 14400
fctnmt = cloud

[UPDATES]
last_update_d = 2026-03-29 00:11:13.271751
last_update_h = 2026-03-29 00:22:38.065634
last_update_m = 2026-03-28 20:43:31.964179
last_update_v = 2023-10-25 16:52:16.653504

