[DEFAULT]
interv_d = 604800
interv_h = 43200
interv_m = 14400
fctnmt = cloud

[UPDATES]
last_update_d = 2024-01-29 20:09:33.354679
last_update_h = 2024-01-29 20:20:09.145682
last_update_m = 2024-01-29 20:41:25.958363
last_update_v = 2023-10-25 16:52:16.653504

