[DEFAULT]
interv_d = 604800
interv_h = 43200
interv_m = 14400
fctnmt = cloud

[UPDATES]
last_update_d = 2024-10-29 04:10:12.897608
last_update_h = 2024-10-29 04:20:44.565468
last_update_m = 2024-10-29 00:41:03.295028
last_update_v = 2023-10-25 16:52:16.653504

