[DEFAULT]
interv_d = 604800
interv_h = 43200
interv_m = 14400
fctnmt = cloud

[UPDATES]
last_update_d = 2025-09-28 04:11:07.354852
last_update_h = 2025-09-28 04:22:36.179698
last_update_m = 2025-09-28 00:44:48.880542
last_update_v = 2023-10-25 16:52:16.653504

