[DEFAULT]
interv_d = 604800
interv_h = 43200
interv_m = 14400
fctnmt = cloud

[UPDATES]
last_update_d = 2025-08-16 08:10:47.052786
last_update_h = 2025-08-16 08:21:50.485952
last_update_m = 2025-08-16 08:43:41.167735
last_update_v = 2023-10-25 16:52:16.653504

