[DEFAULT]
interv_d = 604800
interv_h = 43200
interv_m = 14400
fctnmt = cloud

[UPDATES]
last_update_d = 2024-03-05 20:09:55.848758
last_update_h = 2024-03-05 20:20:55.742586
last_update_m = 2024-03-05 16:42:12.155840
last_update_v = 2023-10-25 16:52:16.653504

