[DEFAULT]
interv_d = 604800
interv_h = 43200
interv_m = 14400
fctnmt = cloud

[UPDATES]
last_update_d = 2024-06-02 00:10:14.009068
last_update_h = 2024-06-02 00:21:21.234193
last_update_m = 2024-06-02 00:43:09.908897
last_update_v = 2023-10-25 16:52:16.653504

