[DEFAULT]
interv_d = 604800
interv_h = 43200
interv_m = 14400
fctnmt = cloud

[UPDATES]
last_update_d = 2024-06-29 16:10:14.481160
last_update_h = 2024-06-29 16:21:04.670903
last_update_m = 2024-06-29 16:42:40.477946
last_update_v = 2023-10-25 16:52:16.653504

