[DEFAULT]
interv_d = 604800
interv_h = 43200
interv_m = 14400
fctnmt = cloud

[UPDATES]
last_update_d = 2025-06-26 12:11:31.083652
last_update_h = 2025-06-26 12:23:48.158090
last_update_m = 2025-06-26 12:47:35.770722
last_update_v = 2023-10-25 16:52:16.653504

