[DEFAULT]
interv_d = 604800
interv_h = 43200
interv_m = 14400
fctnmt = cloud

[UPDATES]
last_update_d = 2026-03-08 04:11:00.960656
last_update_h = 2026-03-08 04:22:02.757609
last_update_m = 2026-03-08 00:45:25.740306
last_update_v = 2023-10-25 16:52:16.653504

