[DEFAULT]
interv_d = 604800
interv_h = 43200
interv_m = 14400
fctnmt = cloud

[UPDATES]
last_update_d = 2024-07-05 04:10:19.763599
last_update_h = 2024-07-05 04:21:23.765616
last_update_m = 2024-07-05 00:43:45.902444
last_update_v = 2023-10-25 16:52:16.653504

