[DEFAULT]
interv_d = 604800
interv_h = 43200
interv_m = 14400
fctnmt = cloud

[UPDATES]
last_update_d = 2026-02-17 08:10:55.284871
last_update_h = 2026-02-17 08:21:57.468970
last_update_m = 2026-02-17 08:44:11.158128
last_update_v = 2023-10-25 16:52:16.653504

