[DEFAULT]
interv_d = 604800
interv_h = 43200
interv_m = 14400
fctnmt = cloud

[UPDATES]
last_update_d = 2024-05-07 12:10:33.328124
last_update_h = 2024-05-07 12:21:45.837360
last_update_m = 2024-05-07 08:44:49.332178
last_update_v = 2023-10-25 16:52:16.653504

