[DEFAULT]
interv_d = 604800
interv_h = 43200
interv_m = 14400
fctnmt = cloud

[UPDATES]
last_update_d = 2025-11-12 12:11:23.566246
last_update_h = 2025-11-12 12:22:57.841514
last_update_m = 2025-11-12 12:46:01.344300
last_update_v = 2023-10-25 16:52:16.653504

