[DEFAULT]
interv_d = 604800
interv_h = 43200
interv_m = 14400
fctnmt = cloud

[UPDATES]
last_update_d = 2026-06-28 12:10:57.765193
last_update_h = 2026-06-28 12:21:52.935091
last_update_m = 2026-06-28 08:43:50.244851
last_update_v = 2023-10-25 16:52:16.653504

