[DEFAULT]
interv_d = 604800
interv_h = 43200
interv_m = 14400
fctnmt = cloud

[UPDATES]
last_update_d = 2025-04-09 04:10:58.500534
last_update_h = 2025-04-09 04:22:08.269031
last_update_m = 2025-04-09 04:44:23.214942
last_update_v = 2023-10-25 16:52:16.653504

