[DEFAULT]
interv_d = 604800
interv_h = 43200
interv_m = 14400
fctnmt = cloud

[UPDATES]
last_update_d = 2024-12-06 08:10:36.269300
last_update_h = 2024-12-06 08:21:47.283080
last_update_m = 2024-12-06 08:44:04.672055
last_update_v = 2023-10-25 16:52:16.653504

