[DEFAULT]
interv_d = 604800
interv_h = 43200
interv_m = 14400
fctnmt = cloud

[UPDATES]
last_update_d = 2025-10-31 20:10:52.981403
last_update_h = 2025-10-31 20:21:48.561620
last_update_m = 2025-10-31 16:43:30.046218
last_update_v = 2023-10-25 16:52:16.653504

