[DEFAULT]
interv_d = 604800
interv_h = 43200
interv_m = 14400
fctnmt = cloud

[UPDATES]
last_update_d = 2025-06-01 00:10:46.735212
last_update_h = 2025-06-01 00:22:02.785520
last_update_m = 2025-06-01 00:44:01.955881
last_update_v = 2023-10-25 16:52:16.653504

