[DEFAULT]
interv_d = 604800
interv_h = 43200
interv_m = 14400
fctnmt = cloud

[UPDATES]
last_update_d = 2024-01-12 16:09:30.263866
last_update_h = 2024-01-12 16:19:54.531722
last_update_m = 2024-01-12 12:40:36.263802
last_update_v = 2023-10-25 16:52:16.653504

