[DEFAULT]
interv_d = 604800
interv_h = 43200
interv_m = 14400
fctnmt = cloud

[UPDATES]
last_update_d = 2025-03-05 00:10:57.871383
last_update_h = 2025-03-05 00:22:11.657291
last_update_m = 2025-03-04 20:43:52.670562
last_update_v = 2023-10-25 16:52:16.653504

