[DEFAULT]
interv_d = 604800
interv_h = 43200
interv_m = 14400
fctnmt = cloud

[UPDATES]
last_update_d = 2025-02-06 20:10:50.469103
last_update_h = 2025-02-06 20:22:01.486279
last_update_m = 2025-02-06 20:44:07.775664
last_update_v = 2023-10-25 16:52:16.653504

