[DEFAULT]
interv_d = 604800
interv_h = 43200
interv_m = 14400
fctnmt = cloud

[UPDATES]
last_update_d = 2025-10-22 00:10:50.256681
last_update_h = 2025-10-22 00:21:58.367694
last_update_m = 2025-10-22 00:43:42.381396
last_update_v = 2023-10-25 16:52:16.653504

