[DEFAULT]
interv_d = 604800
interv_h = 43200
interv_m = 14400
fctnmt = cloud

[UPDATES]
last_update_d = 2025-02-10 20:10:56.387419
last_update_h = 2025-02-10 20:21:56.193282
last_update_m = 2025-02-10 16:44:01.965660
last_update_v = 2023-10-25 16:52:16.653504

