[DEFAULT]
interv_d = 604800
interv_h = 43200
interv_m = 14400
fctnmt = cloud

[UPDATES]
last_update_d = 2025-03-11 08:10:41.398157
last_update_h = 2025-03-11 08:21:41.203532
last_update_m = 2025-03-11 04:43:37.007832
last_update_v = 2023-10-25 16:52:16.653504

