[DEFAULT]
interv_d = 604800
interv_h = 43200
interv_m = 14400
fctnmt = cloud

[UPDATES]
last_update_d = 2024-02-06 00:09:45.941604
last_update_h = 2024-02-06 00:20:30.866424
last_update_m = 2024-02-05 20:42:16.639085
last_update_v = 2023-10-25 16:52:16.653504

