[DEFAULT]
interv_d = 604800
interv_h = 43200
interv_m = 14400
fctnmt = cloud

[UPDATES]
last_update_d = 2025-09-26 08:11:06.243949
last_update_h = 2025-09-26 08:22:19.740506
last_update_m = 2025-09-26 04:45:16.643365
last_update_v = 2023-10-25 16:52:16.653504

