[DEFAULT]
interv_d = 604800
interv_h = 43200
interv_m = 14400
fctnmt = cloud

[UPDATES]
last_update_d = 2026-06-25 20:10:54.525211
last_update_h = 2026-06-25 20:21:48.922533
last_update_m = 2026-06-25 16:43:27.145786
last_update_v = 2023-10-25 16:52:16.653504

