[DEFAULT]
interv_d = 604800
interv_h = 43200
interv_m = 14400
fctnmt = cloud

[UPDATES]
last_update_d = 2025-05-29 04:10:35.842738
last_update_h = 2025-05-29 04:21:23.781359
last_update_m = 2025-05-29 04:43:04.368448
last_update_v = 2023-10-25 16:52:16.653504

