[DEFAULT]
interv_d = 604800
interv_h = 43200
interv_m = 14400
fctnmt = cloud

[UPDATES]
last_update_d = 2025-09-05 16:10:43.277404
last_update_h = 2025-09-05 16:21:48.261995
last_update_m = 2025-09-05 16:43:38.469410
last_update_v = 2023-10-25 16:52:16.653504

