[DEFAULT]
interv_d = 604800
interv_h = 43200
interv_m = 14400
fctnmt = cloud

[UPDATES]
last_update_d = 2025-05-07 00:10:48.595556
last_update_h = 2025-05-07 00:21:59.670776
last_update_m = 2025-05-06 20:43:52.977412
last_update_v = 2023-10-25 16:52:16.653504

