[DEFAULT]
interv_d = 604800
interv_h = 43200
interv_m = 14400
fctnmt = cloud

[UPDATES]
last_update_d = 2024-07-10 00:10:26.172008
last_update_h = 2024-07-10 00:21:33.281103
last_update_m = 2024-07-10 00:43:41.505399
last_update_v = 2023-10-25 16:52:16.653504

