[DEFAULT]
interv_d = 604800
interv_h = 43200
interv_m = 14400
fctnmt = cloud

[UPDATES]
last_update_d = 2024-09-09 00:10:48.966387
last_update_h = 2024-09-09 00:22:14.861440
last_update_m = 2024-09-08 20:44:32.801686
last_update_v = 2023-10-25 16:52:16.653504

