[DEFAULT]
interv_d = 604800
interv_h = 43200
interv_m = 14400
fctnmt = cloud

[UPDATES]
last_update_d = 2025-11-13 20:11:04.330202
last_update_h = 2025-11-13 20:22:17.568484
last_update_m = 2025-11-13 16:44:54.960748
last_update_v = 2023-10-25 16:52:16.653504

