[DEFAULT]
interv_d = 604800
interv_h = 43200
interv_m = 14400
fctnmt = cloud

[UPDATES]
last_update_d = 2024-09-19 20:10:22.082793
last_update_h = 2024-09-19 20:21:08.952639
last_update_m = 2024-09-19 16:43:18.171483
last_update_v = 2023-10-25 16:52:16.653504

