[DEFAULT]
interv_d = 604800
interv_h = 43200
interv_m = 14400
fctnmt = cloud

[UPDATES]
last_update_d = 2025-01-11 04:10:43.796561
last_update_h = 2025-01-11 04:21:52.409889
last_update_m = 2025-01-11 00:44:26.609962
last_update_v = 2023-10-25 16:52:16.653504

