[DEFAULT]
interv_d = 604800
interv_h = 43200
interv_m = 14400
fctnmt = cloud

[UPDATES]
last_update_d = 2024-10-08 00:09:54.904281
last_update_h = 2024-10-08 00:20:22.192275
last_update_m = 2024-10-08 00:40:49.064547
last_update_v = 2023-10-25 16:52:16.653504

