[DEFAULT]
interv_d = 604800
interv_h = 43200
interv_m = 14400
fctnmt = cloud

[UPDATES]
last_update_d = 2024-07-03 00:10:22.152629
last_update_h = 2024-07-03 00:21:44.479179
last_update_m = 2024-07-02 20:43:10.778890
last_update_v = 2023-10-25 16:52:16.653504

