[DEFAULT]
interv_d = 604800
interv_h = 43200
interv_m = 14400
fctnmt = cloud

[UPDATES]
last_update_d = 2026-03-29 20:11:01.452932
last_update_h = 2026-03-29 20:22:01.051542
last_update_m = 2026-03-29 16:44:15.036011
last_update_v = 2023-10-25 16:52:16.653504

