[DEFAULT]
interv_d = 604800
interv_h = 43200
interv_m = 14400
fctnmt = cloud

[UPDATES]
last_update_d = 2025-07-25 00:10:49.345496
last_update_h = 2025-07-25 00:22:06.082080
last_update_m = 2025-07-25 00:44:10.968568
last_update_v = 2023-10-25 16:52:16.653504

