[DEFAULT]
interv_d = 604800
interv_h = 43200
interv_m = 14400
fctnmt = cloud

[UPDATES]
last_update_d = 2024-08-11 12:10:34.026175
last_update_h = 2024-08-11 12:21:48.865571
last_update_m = 2024-08-11 08:44:07.868167
last_update_v = 2023-10-25 16:52:16.653504

