[DEFAULT]
interv_d = 604800
interv_h = 43200
interv_m = 14400
fctnmt = cloud

[UPDATES]
last_update_d = 2024-12-12 00:10:40.780863
last_update_h = 2024-12-12 00:21:58.680429
last_update_m = 2024-12-11 20:43:32.292113
last_update_v = 2023-10-25 16:52:16.653504

