[DEFAULT]
interv_d = 604800
interv_h = 43200
interv_m = 14400
fctnmt = cloud

[UPDATES]
last_update_d = 2026-03-08 08:10:58.852842
last_update_h = 2026-03-08 08:22:07.163221
last_update_m = 2026-03-08 04:44:07.816499
last_update_v = 2023-10-25 16:52:16.653504

