[DEFAULT]
interv_d = 604800
interv_h = 43200
interv_m = 14400
fctnmt = cloud

[UPDATES]
last_update_d = 2024-06-12 20:10:15.717999
last_update_h = 2024-06-12 20:21:13.929100
last_update_m = 2024-06-12 20:43:13.106607
last_update_v = 2023-10-25 16:52:16.653504

