[DEFAULT]
interv_d = 604800
interv_h = 43200
interv_m = 14400
fctnmt = cloud

[UPDATES]
last_update_d = 2025-01-02 12:10:42.697366
last_update_h = 2025-01-02 12:21:51.480359
last_update_m = 2025-01-02 12:43:55.306641
last_update_v = 2023-10-25 16:52:16.653504

