[DEFAULT]
interv_d = 604800
interv_h = 43200
interv_m = 14400
fctnmt = cloud

[UPDATES]
last_update_d = 2026-02-22 08:10:55.935964
last_update_h = 2026-02-22 08:21:59.678529
last_update_m = 2026-02-22 04:43:50.584957
last_update_v = 2023-10-25 16:52:16.653504

