[DEFAULT]
interv_d = 604800
interv_h = 43200
interv_m = 14400
fctnmt = cloud

[UPDATES]
last_update_d = 2025-06-03 04:11:05.481878
last_update_h = 2025-06-03 04:21:54.755762
last_update_m = 2025-06-03 00:44:18.162112
last_update_v = 2023-10-25 16:52:16.653504

