[DEFAULT]
interv_d = 604800
interv_h = 43200
interv_m = 14400
fctnmt = cloud

[UPDATES]
last_update_d = 2026-04-18 04:11:04.428000
last_update_h = 2026-04-18 04:22:03.663694
last_update_m = 2026-04-18 00:44:04.541295
last_update_v = 2023-10-25 16:52:16.653504

