[DEFAULT]
interv_d = 604800
interv_h = 43200
interv_m = 14400
fctnmt = cloud

[UPDATES]
last_update_d = 2025-11-11 00:11:00.654521
last_update_h = 2025-11-11 00:22:22.152491
last_update_m = 2025-11-10 20:45:19.374139
last_update_v = 2023-10-25 16:52:16.653504

