[DEFAULT]
interv_d = 604800
interv_h = 43200
interv_m = 14400
fctnmt = cloud

[UPDATES]
last_update_d = 2025-02-26 16:10:49.403394
last_update_h = 2025-02-26 16:21:52.601851
last_update_m = 2025-02-26 12:44:11.896331
last_update_v = 2023-10-25 16:52:16.653504

