[DEFAULT]
interv_d = 604800
interv_h = 43200
interv_m = 14400
fctnmt = cloud

[UPDATES]
last_update_d = 2025-01-05 08:10:42.673580
last_update_h = 2025-01-05 08:21:49.409270
last_update_m = 2025-01-05 04:43:52.704264
last_update_v = 2023-10-25 16:52:16.653504

