[DEFAULT]
interv_d = 604800
interv_h = 43200
interv_m = 14400
fctnmt = cloud

[UPDATES]
last_update_d = 2025-08-23 04:11:01.156228
last_update_h = 2025-08-23 04:22:10.980471
last_update_m = 2025-08-23 00:44:40.030746
last_update_v = 2023-10-25 16:52:16.653504

