[DEFAULT]
interv_d = 604800
interv_h = 43200
interv_m = 14400
fctnmt = cloud

[UPDATES]
last_update_d = 2024-06-22 04:10:09.873600
last_update_h = 2024-06-22 04:21:00.362333
last_update_m = 2024-06-22 04:42:24.274932
last_update_v = 2023-10-25 16:52:16.653504

