[DEFAULT]
interv_d = 604800
interv_h = 43200
interv_m = 14400
fctnmt = cloud

[UPDATES]
last_update_d = 2025-06-05 16:10:48.877914
last_update_h = 2025-06-05 16:21:41.565104
last_update_m = 2025-06-05 12:43:04.076542
last_update_v = 2023-10-25 16:52:16.653504

