[DEFAULT]
interv_d = 604800
interv_h = 43200
interv_m = 14400
fctnmt = cloud

[UPDATES]
last_update_d = 2025-04-23 20:10:52.371396
last_update_h = 2025-04-23 20:22:05.010709
last_update_m = 2025-04-23 16:45:05.357049
last_update_v = 2023-10-25 16:52:16.653504

