[DEFAULT]
interv_d = 604800
interv_h = 43200
interv_m = 14400
fctnmt = cloud

[UPDATES]
last_update_d = 2024-07-15 00:10:33.000521
last_update_h = 2024-07-15 00:21:43.954996
last_update_m = 2024-07-14 20:43:54.479125
last_update_v = 2023-10-25 16:52:16.653504

