[DEFAULT]
interv_d = 604800
interv_h = 43200
interv_m = 14400
fctnmt = cloud

[UPDATES]
last_update_d = 2025-06-28 08:12:53.760929
last_update_h = 2025-06-28 08:25:39.861677
last_update_m = 2025-06-28 04:50:58.868533
last_update_v = 2023-10-25 16:52:16.653504

