[DEFAULT]
interv_d = 604800
interv_h = 43200
interv_m = 14400
fctnmt = cloud

[UPDATES]
last_update_d = 2025-02-18 20:11:26.266117
last_update_h = 2025-02-18 20:22:34.872112
last_update_m = 2025-02-18 16:44:30.077600
last_update_v = 2023-10-25 16:52:16.653504

