[DEFAULT]
interv_d = 604800
interv_h = 43200
interv_m = 14400
fctnmt = cloud

[UPDATES]
last_update_d = 2024-10-28 16:09:59.186007
last_update_h = 2024-10-28 16:20:19.576176
last_update_m = 2024-10-28 12:41:22.879646
last_update_v = 2023-10-25 16:52:16.653504

