[DEFAULT]
interv_d = 604800
interv_h = 43200
interv_m = 14400
fctnmt = cloud

[UPDATES]
last_update_d = 2024-05-09 16:10:20.814016
last_update_h = 2024-05-09 16:21:29.432080
last_update_m = 2024-05-09 12:43:33.361421
last_update_v = 2023-10-25 16:52:16.653504

