[DEFAULT]
interv_d = 604800
interv_h = 43200
interv_m = 14400
fctnmt = cloud

[UPDATES]
last_update_d = 2026-05-28 20:10:54.715156
last_update_h = 2026-05-28 20:21:48.944924
last_update_m = 2026-05-28 16:43:49.614072
last_update_v = 2023-10-25 16:52:16.653504

