[DEFAULT]
interv_d = 604800
interv_h = 43200
interv_m = 14400
fctnmt = cloud

[UPDATES]
last_update_d = 2024-01-15 16:09:33.450276
last_update_h = 2024-01-15 16:19:55.258297
last_update_m = 2024-01-15 16:40:54.059909
last_update_v = 2023-10-25 16:52:16.653504

