[DEFAULT]
interv_d = 604800
interv_h = 43200
interv_m = 14400
fctnmt = cloud

[UPDATES]
last_update_d = 2024-04-17 00:10:17.352514
last_update_h = 2024-04-17 00:21:36.836534
last_update_m = 2024-04-16 20:43:49.344906
last_update_v = 2023-10-25 16:52:16.653504

