[DEFAULT]
interv_d = 604800
interv_h = 43200
interv_m = 14400
fctnmt = cloud

[UPDATES]
last_update_d = 2026-01-23 00:11:11.772903
last_update_h = 2026-01-23 00:22:41.956705
last_update_m = 2026-01-23 00:45:18.072537
last_update_v = 2023-10-25 16:52:16.653504

