[DEFAULT]
interv_d = 604800
interv_h = 43200
interv_m = 14400
fctnmt = cloud

[UPDATES]
last_update_d = 2025-02-03 12:10:46.355297
last_update_h = 2025-02-03 12:22:00.465826
last_update_m = 2025-02-03 12:44:19.455652
last_update_v = 2023-10-25 16:52:16.653504

