[DEFAULT]
interv_d = 604800
interv_h = 43200
interv_m = 14400
fctnmt = cloud

[UPDATES]
last_update_d = 2025-01-06 20:10:46.497124
last_update_h = 2025-01-06 20:21:53.297043
last_update_m = 2025-01-06 16:44:02.801510
last_update_v = 2023-10-25 16:52:16.653504

