[DEFAULT]
interv_d = 604800
interv_h = 43200
interv_m = 14400
fctnmt = cloud

[UPDATES]
last_update_d = 2024-05-19 16:10:22.095629
last_update_h = 2024-05-19 16:21:27.528504
last_update_m = 2024-05-19 12:43:40.288662
last_update_v = 2023-10-25 16:52:16.653504

