[DEFAULT]
interv_d = 604800
interv_h = 43200
interv_m = 14400
fctnmt = cloud

[UPDATES]
last_update_d = 2026-05-26 20:11:03.520730
last_update_h = 2026-05-26 20:22:11.815663
last_update_m = 2026-05-26 16:43:53.725404
last_update_v = 2023-10-25 16:52:16.653504

