[DEFAULT]
interv_d = 604800
interv_h = 43200
interv_m = 14400
fctnmt = cloud

[UPDATES]
last_update_d = 2026-03-20 12:11:06.316441
last_update_h = 2026-03-20 12:22:05.037892
last_update_m = 2026-03-20 08:43:44.850726
last_update_v = 2023-10-25 16:52:16.653504

