[DEFAULT]
interv_d = 604800
interv_h = 43200
interv_m = 14400
fctnmt = cloud

[UPDATES]
last_update_d = 2025-08-16 00:11:11.450827
last_update_h = 2025-08-16 00:22:25.641831
last_update_m = 2025-08-15 20:44:05.759806
last_update_v = 2023-10-25 16:52:16.653504

