[DEFAULT]
interv_d = 604800
interv_h = 43200
interv_m = 14400
fctnmt = cloud

[UPDATES]
last_update_d = 2025-06-27 16:12:03.983296
last_update_h = 2025-06-27 16:23:54.750029
last_update_m = 2025-06-27 12:48:43.342503
last_update_v = 2023-10-25 16:52:16.653504

