[DEFAULT]
interv_d = 604800
interv_h = 43200
interv_m = 14400
fctnmt = cloud

[UPDATES]
last_update_d = 2024-10-14 20:10:00.068841
last_update_h = 2024-10-14 20:20:22.762208
last_update_m = 2024-10-14 16:41:20.657004
last_update_v = 2023-10-25 16:52:16.653504

