[DEFAULT]
interv_d = 604800
interv_h = 43200
interv_m = 14400
fctnmt = cloud

[UPDATES]
last_update_d = 2025-10-28 12:10:44.671616
last_update_h = 2025-10-28 12:21:45.742068
last_update_m = 2025-10-28 08:43:45.685548
last_update_v = 2023-10-25 16:52:16.653504

