[DEFAULT]
interv_d = 604800
interv_h = 43200
interv_m = 14400
fctnmt = cloud

[UPDATES]
last_update_d = 2025-02-14 08:10:35.074797
last_update_h = 2025-02-14 08:21:32.057090
last_update_m = 2025-02-14 08:43:43.390011
last_update_v = 2023-10-25 16:52:16.653504

