[DEFAULT]
interv_d = 604800
interv_h = 43200
interv_m = 14400
fctnmt = cloud

[UPDATES]
last_update_d = 2025-04-06 00:11:03.619987
last_update_h = 2025-04-06 00:22:31.108428
last_update_m = 2025-04-06 00:44:57.582839
last_update_v = 2023-10-25 16:52:16.653504

