[DEFAULT]
interv_d = 604800
interv_h = 43200
interv_m = 14400
fctnmt = cloud

[UPDATES]
last_update_d = 2025-09-25 04:11:03.985150
last_update_h = 2025-09-25 04:23:17.281296
last_update_m = 2025-09-25 04:45:35.562605
last_update_v = 2023-10-25 16:52:16.653504

