[DEFAULT]
interv_d = 604800
interv_h = 43200
interv_m = 14400
fctnmt = cloud

[UPDATES]
last_update_d = 2025-08-29 04:10:58.575456
last_update_h = 2025-08-29 04:22:13.088590
last_update_m = 2025-08-29 00:45:40.555639
last_update_v = 2023-10-25 16:52:16.653504

