[DEFAULT]
interv_d = 604800
interv_h = 43200
interv_m = 14400
fctnmt = cloud

[UPDATES]
last_update_d = 2026-03-08 16:11:05.974827
last_update_h = 2026-03-08 16:22:13.643248
last_update_m = 2026-03-08 12:44:28.646652
last_update_v = 2023-10-25 16:52:16.653504

