[DEFAULT]
interv_d = 604800
interv_h = 43200
interv_m = 14400
fctnmt = cloud

[UPDATES]
last_update_d = 2024-01-05 00:11:36.625089
last_update_h = 2024-01-05 00:23:19.762800
last_update_m = 2024-01-04 20:47:00.624523
last_update_v = 2023-10-25 16:52:16.653504

