[DEFAULT]
interv_d = 604800
interv_h = 43200
interv_m = 14400
fctnmt = cloud

[UPDATES]
last_update_d = 2024-01-23 04:09:41.928345
last_update_h = 2024-01-23 04:20:23.850941
last_update_m = 2024-01-23 04:41:44.857448
last_update_v = 2023-10-25 16:52:16.653504

