[DEFAULT]
interv_d = 604800
interv_h = 43200
interv_m = 14400
fctnmt = cloud

[UPDATES]
last_update_d = 2025-04-17 12:10:49.304066
last_update_h = 2025-04-17 12:21:51.887808
last_update_m = 2025-04-17 08:44:02.399459
last_update_v = 2023-10-25 16:52:16.653504

