[DEFAULT]
interv_d = 604800
interv_h = 43200
interv_m = 14400
fctnmt = cloud

[UPDATES]
last_update_d = 2025-07-24 20:10:37.960192
last_update_h = 2025-07-24 20:21:36.842972
last_update_m = 2025-07-24 16:43:22.164193
last_update_v = 2023-10-25 16:52:16.653504

