[DEFAULT]
interv_d = 604800
interv_h = 43200
interv_m = 14400
fctnmt = cloud

[UPDATES]
last_update_d = 2024-05-30 00:10:21.436476
last_update_h = 2024-05-30 00:21:41.125793
last_update_m = 2024-05-30 00:43:41.600345
last_update_v = 2023-10-25 16:52:16.653504

