[DEFAULT]
interv_d = 604800
interv_h = 43200
interv_m = 14400
fctnmt = cloud

[UPDATES]
last_update_d = 2026-05-16 00:10:58.753449
last_update_h = 2026-05-16 00:22:14.424237
last_update_m = 2026-05-15 20:43:53.543116
last_update_v = 2023-10-25 16:52:16.653504

