[DEFAULT]
interv_d = 604800
interv_h = 43200
interv_m = 14400
fctnmt = cloud

[UPDATES]
last_update_d = 2025-10-14 04:10:46.889674
last_update_h = 2025-10-14 04:21:41.562872
last_update_m = 2025-10-14 04:43:37.930061
last_update_v = 2023-10-25 16:52:16.653504

