[DEFAULT]
interv_d = 604800
interv_h = 43200
interv_m = 14400
fctnmt = cloud

[UPDATES]
last_update_d = 2024-11-29 20:10:36.896031
last_update_h = 2024-11-29 20:21:27.170782
last_update_m = 2024-11-29 16:43:22.483526
last_update_v = 2023-10-25 16:52:16.653504

