[DEFAULT]
interv_d = 604800
interv_h = 43200
interv_m = 14400
fctnmt = cloud

[UPDATES]
last_update_d = 2024-07-23 20:10:17.935936
last_update_h = 2024-07-23 20:20:59.828366
last_update_m = 2024-07-23 16:42:16.059532
last_update_v = 2023-10-25 16:52:16.653504

