[DEFAULT]
interv_d = 604800
interv_h = 43200
interv_m = 14400
fctnmt = cloud

[UPDATES]
last_update_d = 2025-10-07 08:10:56.528289
last_update_h = 2025-10-07 08:21:57.550668
last_update_m = 2025-10-07 04:44:09.562267
last_update_v = 2023-10-25 16:52:16.653504

