[DEFAULT]
interv_d = 604800
interv_h = 43200
interv_m = 14400
fctnmt = cloud

[UPDATES]
last_update_d = 2025-02-14 04:10:45.503073
last_update_h = 2025-02-14 04:21:50.306167
last_update_m = 2025-02-14 00:44:24.756491
last_update_v = 2023-10-25 16:52:16.653504

