[DEFAULT]
interv_d = 604800
interv_h = 43200
interv_m = 14400
fctnmt = cloud

[UPDATES]
last_update_d = 2024-04-03 08:10:14.831043
last_update_h = 2024-04-03 08:21:24.154631
last_update_m = 2024-04-03 08:32:30.256923
last_update_v = 2023-10-25 16:52:16.653504

