[DEFAULT]
interv_d = 604800
interv_h = 43200
interv_m = 14400
fctnmt = cloud

[UPDATES]
last_update_d = 2024-01-01 12:09:26.920721
last_update_h = 2024-01-01 12:19:34.328930
last_update_m = 2024-01-01 12:40:26.546165
last_update_v = 2023-10-25 16:52:16.653504

