[DEFAULT]
interv_d = 604800
interv_h = 43200
interv_m = 14400
fctnmt = cloud

[UPDATES]
last_update_d = 2023-11-06 19:30:59.649422
last_update_h = 2023-11-09 20:46:13.524282
last_update_m = 2023-11-09 21:30:43.441158
last_update_v = 2023-11-06 18:15:07.343802

