[DEFAULT]
interv_d = 604800
interv_h = 43200
interv_m = 14400
fctnmt = cloud

[UPDATES]
last_update_d = 2024-01-01 20:12:06.355171
last_update_h = 2024-01-01 20:24:24.016427
last_update_m = 2024-01-01 16:43:07.554734
last_update_v = 2023-10-25 16:52:16.653504

