[DEFAULT]
interv_d = 604800
interv_h = 43200
interv_m = 14400
fctnmt = cloud

[UPDATES]
last_update_d = 2025-12-27 08:11:06.449935
last_update_h = 2025-12-27 08:22:16.427790
last_update_m = 2025-12-27 04:33:23.969418
last_update_v = 2023-10-25 16:52:16.653504

