[DEFAULT]
interv_d = 604800
interv_h = 43200
interv_m = 14400
fctnmt = cloud

[UPDATES]
last_update_d = 2026-01-28 16:11:01.879283
last_update_h = 2026-01-28 16:22:07.868441
last_update_m = 2026-01-28 12:44:47.559640
last_update_v = 2023-10-25 16:52:16.653504

