[DEFAULT]
interv_d = 604800
interv_h = 43200
interv_m = 14400
fctnmt = cloud

[UPDATES]
last_update_d = 2025-08-31 04:10:56.869956
last_update_h = 2025-08-31 04:22:02.575904
last_update_m = 2025-08-31 00:44:27.140646
last_update_v = 2023-10-25 16:52:16.653504

