[DEFAULT]
interv_d = 604800
interv_h = 43200
interv_m = 14400
fctnmt = cloud

[UPDATES]
last_update_d = 2026-02-27 08:10:54.583138
last_update_h = 2026-02-27 08:21:52.873970
last_update_m = 2026-02-27 04:43:48.648926
last_update_v = 2023-10-25 16:52:16.653504

