[DEFAULT]
interv_d = 604800
interv_h = 43200
interv_m = 14400
fctnmt = cloud

[UPDATES]
last_update_d = 2024-11-20 04:09:58.780024
last_update_h = 2024-11-20 04:20:14.170858
last_update_m = 2024-11-20 04:40:43.589674
last_update_v = 2023-10-25 16:52:16.653504

