[DEFAULT]
interv_d = 604800
interv_h = 43200
interv_m = 14400
fctnmt = cloud

[UPDATES]
last_update_d = 2024-07-06 16:10:18.594969
last_update_h = 2024-07-06 16:21:10.787364
last_update_m = 2024-07-06 12:42:47.076907
last_update_v = 2023-10-25 16:52:16.653504

