[DEFAULT]
interv_d = 604800
interv_h = 43200
interv_m = 14400
fctnmt = cloud

[UPDATES]
last_update_d = 2025-11-19 00:11:32.537886
last_update_h = 2025-11-19 00:23:19.066999
last_update_m = 2025-11-19 00:45:51.333523
last_update_v = 2023-10-25 16:52:16.653504

