[DEFAULT]
interv_d = 604800
interv_h = 43200
interv_m = 14400
fctnmt = cloud

[UPDATES]
last_update_d = 2023-11-13 20:44:47.436301
last_update_h = 2023-11-17 05:31:04.329471
last_update_m = 2023-11-17 13:26:18.317044
last_update_v = 2023-11-16 17:30:03.731784

