[DEFAULT]
interv_d = 604800
interv_h = 43200
interv_m = 14400
fctnmt = cloud

[UPDATES]
last_update_d = 2026-02-20 08:10:55.153895
last_update_h = 2026-02-20 08:21:57.737712
last_update_m = 2026-02-20 08:44:01.353638
last_update_v = 2023-10-25 16:52:16.653504

