[DEFAULT]
interv_d = 604800
interv_h = 43200
interv_m = 14400
fctnmt = cloud

[UPDATES]
last_update_d = 2025-02-21 04:11:17.086982
last_update_h = 2025-02-21 04:22:56.570403
last_update_m = 2025-02-21 00:45:01.188149
last_update_v = 2023-10-25 16:52:16.653504

