[DEFAULT]
interv_d = 604800
interv_h = 43200
interv_m = 14400
fctnmt = cloud

[UPDATES]
last_update_d = 2024-07-19 12:10:13.222567
last_update_h = 2024-07-19 12:21:06.748780
last_update_m = 2024-07-19 08:42:28.634022
last_update_v = 2023-10-25 16:52:16.653504

