[DEFAULT]
interv_d = 604800
interv_h = 43200
interv_m = 14400
fctnmt = cloud

[UPDATES]
last_update_d = 2025-11-26 00:11:05.928257
last_update_h = 2025-11-26 00:22:28.269409
last_update_m = 2025-11-25 20:44:43.741748
last_update_v = 2023-10-25 16:52:16.653504

