[DEFAULT]
interv_d = 604800
interv_h = 43200
interv_m = 14400
fctnmt = cloud

[UPDATES]
last_update_d = 2025-09-15 00:10:48.787671
last_update_h = 2025-09-15 00:21:50.759897
last_update_m = 2025-09-15 00:43:30.158870
last_update_v = 2023-10-25 16:52:16.653504

