[DEFAULT]
interv_d = 604800
interv_h = 43200
interv_m = 14400
fctnmt = cloud

[UPDATES]
last_update_d = 2025-11-02 08:10:43.549119
last_update_h = 2025-11-02 08:21:43.661427
last_update_m = 2025-11-02 08:43:37.663334
last_update_v = 2023-10-25 16:52:16.653504

