[DEFAULT]
interv_d = 604800
interv_h = 43200
interv_m = 14400
fctnmt = cloud

[UPDATES]
last_update_d = 2025-09-12 08:10:46.383825
last_update_h = 2025-09-12 08:21:36.258482
last_update_m = 2025-09-12 08:43:14.774698
last_update_v = 2023-10-25 16:52:16.653504

