[DEFAULT]
interv_d = 604800
interv_h = 43200
interv_m = 14400
fctnmt = cloud

[UPDATES]
last_update_d = 2024-09-14 16:10:18.446284
last_update_h = 2024-09-14 16:21:34.170669
last_update_m = 2024-09-14 12:43:05.767220
last_update_v = 2023-10-25 16:52:16.653504

