[DEFAULT]
interv_d = 604800
interv_h = 43200
interv_m = 14400
fctnmt = cloud

[UPDATES]
last_update_d = 2025-11-09 16:10:59.655868
last_update_h = 2025-11-09 16:21:58.728008
last_update_m = 2025-11-09 12:44:38.651818
last_update_v = 2023-10-25 16:52:16.653504

