[DEFAULT]
interv_d = 604800
interv_h = 43200
interv_m = 14400
fctnmt = cloud

[UPDATES]
last_update_d = 2024-08-17 12:10:39.661318
last_update_h = 2024-08-17 12:22:01.451177
last_update_m = 2024-08-17 08:44:16.530715
last_update_v = 2023-10-25 16:52:16.653504

