[DEFAULT]
interv_d = 604800
interv_h = 43200
interv_m = 14400
fctnmt = cloud

[UPDATES]
last_update_d = 2026-01-28 12:11:06.955638
last_update_h = 2026-01-28 12:22:25.767720
last_update_m = 2026-01-28 08:44:43.931100
last_update_v = 2023-10-25 16:52:16.653504

