[DEFAULT]
interv_d = 604800
interv_h = 43200
interv_m = 14400
fctnmt = cloud

[UPDATES]
last_update_d = 2025-11-09 20:10:55.382631
last_update_h = 2025-11-09 20:22:12.526749
last_update_m = 2025-11-09 20:44:26.256510
last_update_v = 2023-10-25 16:52:16.653504

