[DEFAULT]
interv_d = 604800
interv_h = 43200
interv_m = 14400
fctnmt = cloud

[UPDATES]
last_update_d = 2025-06-10 12:10:46.943424
last_update_h = 2025-06-10 12:21:44.028751
last_update_m = 2025-06-10 08:43:23.747489
last_update_v = 2023-10-25 16:52:16.653504

