[DEFAULT]
interv_d = 604800
interv_h = 43200
interv_m = 14400
fctnmt = cloud

[UPDATES]
last_update_d = 2026-04-06 08:11:08.816413
last_update_h = 2026-04-06 08:22:20.928934
last_update_m = 2026-04-06 08:44:38.217246
last_update_v = 2023-10-25 16:52:16.653504

