[DEFAULT]
interv_d = 604800
interv_h = 43200
interv_m = 14400
fctnmt = cloud

[UPDATES]
last_update_d = 2026-04-10 20:10:59.535626
last_update_h = 2026-04-10 20:21:52.012611
last_update_m = 2026-04-10 16:43:55.935287
last_update_v = 2023-10-25 16:52:16.653504

