[DEFAULT]
interv_d = 604800
interv_h = 43200
interv_m = 14400
fctnmt = cloud

[UPDATES]
last_update_d = 2024-12-07 12:10:34.302368
last_update_h = 2024-12-07 12:21:27.494825
last_update_m = 2024-12-07 08:43:56.581316
last_update_v = 2023-10-25 16:52:16.653504

