[DEFAULT]
interv_d = 604800
interv_h = 43200
interv_m = 14400
fctnmt = cloud

[UPDATES]
last_update_d = 2024-11-15 04:09:57.471886
last_update_h = 2024-11-15 04:20:22.180438
last_update_m = 2024-11-15 00:40:55.573719
last_update_v = 2023-10-25 16:52:16.653504

