[DEFAULT]
interv_d = 604800
interv_h = 43200
interv_m = 14400
fctnmt = cloud

[UPDATES]
last_update_d = 2025-06-25 16:10:43.854893
last_update_h = 2025-06-25 16:21:38.070219
last_update_m = 2025-06-25 12:49:05.855460
last_update_v = 2023-10-25 16:52:16.653504

