[DEFAULT]
interv_d = 604800
interv_h = 43200
interv_m = 14400
fctnmt = cloud

[UPDATES]
last_update_d = 2025-12-01 08:11:00.762310
last_update_h = 2025-12-01 08:22:09.675921
last_update_m = 2025-12-01 08:44:35.850834
last_update_v = 2023-10-25 16:52:16.653504

