[DEFAULT]
interv_d = 604800
interv_h = 43200
interv_m = 14400
fctnmt = cloud

[UPDATES]
last_update_d = 2025-03-24 00:11:04.679090
last_update_h = 2025-03-24 00:22:26.598773
last_update_m = 2025-03-24 00:44:50.410307
last_update_v = 2023-10-25 16:52:16.653504

