[DEFAULT]
interv_d = 604800
interv_h = 43200
interv_m = 14400
fctnmt = cloud

[UPDATES]
last_update_d = 2024-09-04 04:10:50.756407
last_update_h = 2024-09-04 04:21:47.364158
last_update_m = 2024-09-04 00:42:36.096564
last_update_v = 2023-10-25 16:52:16.653504

