[DEFAULT]
interv_d = 604800
interv_h = 43200
interv_m = 14400
fctnmt = cloud

[UPDATES]
last_update_d = 2025-05-06 00:10:42.549394
last_update_h = 2025-05-06 00:21:50.159410
last_update_m = 2025-05-05 20:44:06.453740
last_update_v = 2023-10-25 16:52:16.653504

