[DEFAULT]
interv_d = 604800
interv_h = 43200
interv_m = 14400
fctnmt = cloud

[UPDATES]
last_update_d = 2024-05-13 12:10:26.429674
last_update_h = 2024-05-13 12:21:42.400937
last_update_m = 2024-05-13 08:43:59.822980
last_update_v = 2023-10-25 16:52:16.653504

