[DEFAULT]
interv_d = 604800
interv_h = 43200
interv_m = 14400
fctnmt = cloud

[UPDATES]
last_update_d = 2024-01-11 04:09:30.036897
last_update_h = 2024-01-11 04:19:50.524382
last_update_m = 2024-01-11 00:40:28.361096
last_update_v = 2023-10-25 16:52:16.653504

