[DEFAULT]
interv_d = 604800
interv_h = 43200
interv_m = 14400
fctnmt = cloud

[UPDATES]
last_update_d = 2025-12-22 12:10:52.055128
last_update_h = 2025-12-22 12:21:55.688517
last_update_m = 2025-12-22 12:43:48.683082
last_update_v = 2023-10-25 16:52:16.653504

