[DEFAULT]
interv_d = 604800
interv_h = 43200
interv_m = 14400
fctnmt = cloud

[UPDATES]
last_update_d = 2026-03-10 16:10:57.622167
last_update_h = 2026-03-10 16:21:50.061026
last_update_m = 2026-03-10 12:43:33.151059
last_update_v = 2023-10-25 16:52:16.653504

