[DEFAULT]
interv_d = 604800
interv_h = 43200
interv_m = 14400
fctnmt = cloud

[UPDATES]
last_update_d = 2024-10-21 20:10:04.077921
last_update_h = 2024-10-21 20:20:42.560293
last_update_m = 2024-10-21 20:41:27.659866
last_update_v = 2023-10-25 16:52:16.653504

