[DEFAULT]
interv_d = 604800
interv_h = 43200
interv_m = 14400
fctnmt = cloud

[UPDATES]
last_update_d = 2024-05-09 04:10:15.315182
last_update_h = 2024-05-09 04:21:24.139254
last_update_m = 2024-05-09 00:43:26.738332
last_update_v = 2023-10-25 16:52:16.653504

