[DEFAULT]
interv_d = 604800
interv_h = 43200
interv_m = 14400
fctnmt = cloud

[UPDATES]
last_update_d = 2024-09-01 12:10:29.158272
last_update_h = 2024-09-01 12:21:17.961406
last_update_m = 2024-09-01 12:43:21.971875
last_update_v = 2023-10-25 16:52:16.653504

