[DEFAULT]
interv_d = 604800
interv_h = 43200
interv_m = 14400
fctnmt = cloud

[UPDATES]
last_update_d = 2025-02-20 00:10:46.063289
last_update_h = 2025-02-20 00:22:03.799416
last_update_m = 2025-02-20 00:44:12.672173
last_update_v = 2023-10-25 16:52:16.653504

