[DEFAULT]
interv_d = 604800
interv_h = 43200
interv_m = 14400
fctnmt = cloud

[UPDATES]
last_update_d = 2024-10-26 00:10:00.445628
last_update_h = 2024-10-26 00:20:27.280922
last_update_m = 2024-10-26 00:41:01.170707
last_update_v = 2023-10-25 16:52:16.653504

