[DEFAULT]
interv_d = 604800
interv_h = 43200
interv_m = 14400
fctnmt = cloud

[UPDATES]
last_update_d = 2024-03-07 20:09:53.558883
last_update_h = 2024-03-07 20:20:44.764616
last_update_m = 2024-03-07 16:42:42.438993
last_update_v = 2023-10-25 16:52:16.653504

