[DEFAULT]
interv_d = 604800
interv_h = 43200
interv_m = 14400
fctnmt = cloud

[UPDATES]
last_update_d = 2024-08-19 08:10:41.663326
last_update_h = 2024-08-19 08:21:56.523722
last_update_m = 2024-08-19 08:44:36.548257
last_update_v = 2023-10-25 16:52:16.653504

