[DEFAULT]
interv_d = 604800
interv_h = 43200
interv_m = 14400
fctnmt = cloud

[UPDATES]
last_update_d = 2025-06-20 16:10:53.964686
last_update_h = 2025-06-20 16:23:03.151214
last_update_m = 2025-06-20 12:49:34.168237
last_update_v = 2023-10-25 16:52:16.653504

