[DEFAULT]
interv_d = 604800
interv_h = 43200
interv_m = 14400
fctnmt = cloud

[UPDATES]
last_update_d = 2025-03-30 08:11:04.289050
last_update_h = 2025-03-30 08:22:12.859139
last_update_m = 2025-03-30 04:44:16.973738
last_update_v = 2023-10-25 16:52:16.653504

