[DEFAULT]
interv_d = 604800
interv_h = 43200
interv_m = 14400
fctnmt = cloud

[UPDATES]
last_update_d = 2025-10-11 04:11:10.062928
last_update_h = 2025-10-11 04:22:34.679036
last_update_m = 2025-10-11 00:44:47.566734
last_update_v = 2023-10-25 16:52:16.653504

