[DEFAULT]
interv_d = 604800
interv_h = 43200
interv_m = 14400
fctnmt = cloud

[UPDATES]
last_update_d = 2024-03-04 00:09:53.442539
last_update_h = 2024-03-04 00:20:49.513891
last_update_m = 2024-03-04 00:42:23.438706
last_update_v = 2023-10-25 16:52:16.653504

