[DEFAULT]
interv_d = 604800
interv_h = 43200
interv_m = 14400
fctnmt = cloud

[UPDATES]
last_update_d = 2025-03-02 00:10:47.390661
last_update_h = 2025-03-02 00:22:05.000002
last_update_m = 2025-03-01 20:43:40.881857
last_update_v = 2023-10-25 16:52:16.653504

