[DEFAULT]
interv_d = 604800
interv_h = 43200
interv_m = 14400
fctnmt = cloud

[UPDATES]
last_update_d = 2024-11-30 16:10:37.781265
last_update_h = 2024-11-30 16:21:32.182055
last_update_m = 2024-11-30 12:43:15.208204
last_update_v = 2023-10-25 16:52:16.653504

