[DEFAULT]
interv_d = 604800
interv_h = 43200
interv_m = 14400
fctnmt = cloud

[UPDATES]
last_update_d = 2023-11-28 05:29:04.645418
last_update_h = 2023-11-28 21:29:05.214384
last_update_m = 2023-11-29 05:26:34.454755
last_update_v = 2023-11-28 11:06:16.045611

