[DEFAULT]
interv_d = 604800
interv_h = 43200
interv_m = 14400
fctnmt = cloud

[UPDATES]
last_update_d = 2025-01-17 04:11:05.917775
last_update_h = 2025-01-17 04:22:09.775645
last_update_m = 2025-01-17 00:44:03.600184
last_update_v = 2023-10-25 16:52:16.653504

