[DEFAULT]
interv_d = 604800
interv_h = 43200
interv_m = 14400
fctnmt = cloud

[UPDATES]
last_update_d = 2026-04-06 04:10:53.431067
last_update_h = 2026-04-06 04:21:56.545210
last_update_m = 2026-04-06 00:44:50.168301
last_update_v = 2023-10-25 16:52:16.653504

