[DEFAULT]
interv_d = 604800
interv_h = 43200
interv_m = 14400
fctnmt = cloud

[UPDATES]
last_update_d = 2024-09-26 12:10:29.458389
last_update_h = 2024-09-26 12:21:21.770035
last_update_m = 2024-09-26 08:43:51.482532
last_update_v = 2023-10-25 16:52:16.653504

