[DEFAULT]
interv_d = 604800
interv_h = 43200
interv_m = 14400
fctnmt = cloud

[UPDATES]
last_update_d = 2025-05-12 00:10:46.274292
last_update_h = 2025-05-12 00:21:59.756144
last_update_m = 2025-05-12 00:43:59.857181
last_update_v = 2023-10-25 16:52:16.653504

