[DEFAULT]
interv_d = 604800
interv_h = 43200
interv_m = 14400
fctnmt = cloud

[UPDATES]
last_update_d = 2024-06-18 04:10:36.191481
last_update_h = 2024-06-18 04:21:50.377298
last_update_m = 2024-06-18 04:44:00.807801
last_update_v = 2023-10-25 16:52:16.653504

