[DEFAULT]
interv_d = 604800
interv_h = 43200
interv_m = 14400
fctnmt = cloud

[UPDATES]
last_update_d = 2025-10-24 20:11:08.742790
last_update_h = 2025-10-24 20:22:11.938301
last_update_m = 2025-10-24 20:44:10.478827
last_update_v = 2023-10-25 16:52:16.653504

