[DEFAULT]
interv_d = 604800
interv_h = 43200
interv_m = 14400
fctnmt = cloud

[UPDATES]
last_update_d = 2024-02-06 08:09:43.566507
last_update_h = 2024-02-06 08:20:18.231072
last_update_m = 2024-02-06 08:41:38.016920
last_update_v = 2023-10-25 16:52:16.653504

