[DEFAULT]
interv_d = 604800
interv_h = 43200
interv_m = 14400
fctnmt = cloud

[UPDATES]
last_update_d = 2024-02-22 00:09:52.163125
last_update_h = 2024-02-22 00:20:41.662381
last_update_m = 2024-02-22 00:42:17.836826
last_update_v = 2023-10-25 16:52:16.653504

