[DEFAULT]
interv_d = 604800
interv_h = 43200
interv_m = 14400
fctnmt = cloud

[UPDATES]
last_update_d = 2024-11-23 04:09:55.166457
last_update_h = 2024-11-23 04:20:18.747326
last_update_m = 2024-11-23 04:41:18.790318
last_update_v = 2023-10-25 16:52:16.653504

