[DEFAULT]
interv_d = 604800
interv_h = 43200
interv_m = 14400
fctnmt = cloud

[UPDATES]
last_update_d = 2024-02-27 12:09:53.264270
last_update_h = 2024-02-27 12:20:38.150580
last_update_m = 2024-02-27 12:42:14.230240
last_update_v = 2023-10-25 16:52:16.653504

