[DEFAULT]
interv_d = 604800
interv_h = 43200
interv_m = 14400
fctnmt = cloud

[UPDATES]
last_update_d = 2025-09-05 08:10:55.469043
last_update_h = 2025-09-05 08:22:00.237445
last_update_m = 2025-09-05 08:44:20.945667
last_update_v = 2023-10-25 16:52:16.653504

