[DEFAULT]
interv_d = 604800
interv_h = 43200
interv_m = 14400
fctnmt = cloud

[UPDATES]
last_update_d = 2023-12-31 08:09:23.930240
last_update_h = 2023-12-31 08:19:46.034642
last_update_m = 2023-12-31 04:40:16.415168
last_update_v = 2023-10-25 16:52:16.653504

