[DEFAULT]
interv_d = 604800
interv_h = 43200
interv_m = 14400
fctnmt = cloud

[UPDATES]
last_update_d = 2024-01-04 08:09:28.634209
last_update_h = 2024-01-04 08:19:54.446497
last_update_m = 2024-01-04 04:40:42.734780
last_update_v = 2023-10-25 16:52:16.653504

