[DEFAULT]
interv_d = 604800
interv_h = 43200
interv_m = 14400
fctnmt = cloud

[UPDATES]
last_update_d = 2026-02-26 08:10:58.462901
last_update_h = 2026-02-26 08:21:54.978070
last_update_m = 2026-02-26 04:44:16.160208
last_update_v = 2023-10-25 16:52:16.653504

