[DEFAULT]
interv_d = 604800
interv_h = 43200
interv_m = 14400
fctnmt = cloud

[UPDATES]
last_update_d = 2026-02-15 00:11:09.454184
last_update_h = 2026-02-15 00:22:34.075806
last_update_m = 2026-02-14 20:45:10.658523
last_update_v = 2023-10-25 16:52:16.653504

