[DEFAULT]
interv_d = 604800
interv_h = 43200
interv_m = 14400
fctnmt = cloud

[UPDATES]
last_update_d = 2024-07-31 16:10:25.714613
last_update_h = 2024-07-31 16:21:22.159574
last_update_m = 2024-07-31 16:43:18.843159
last_update_v = 2023-10-25 16:52:16.653504

