[DEFAULT]
interv_d = 604800
interv_h = 43200
interv_m = 14400
fctnmt = cloud

[UPDATES]
last_update_d = 2024-02-17 08:09:46.266555
last_update_h = 2024-02-17 08:20:37.943600
last_update_m = 2024-02-17 04:42:12.763769
last_update_v = 2023-10-25 16:52:16.653504

