[DEFAULT]
interv_d = 604800
interv_h = 43200
interv_m = 14400
fctnmt = cloud

[UPDATES]
last_update_d = 2023-11-21 01:27:58.228067
last_update_h = 2023-11-25 01:28:56.722904
last_update_m = 2023-11-25 09:26:51.941518
last_update_v = 2023-11-24 12:32:06.115343

