[DEFAULT]
interv_d = 604800
interv_h = 43200
interv_m = 14400
fctnmt = cloud

[UPDATES]
last_update_d = 2025-02-09 00:10:49.809203
last_update_h = 2025-02-09 00:22:03.063401
last_update_m = 2025-02-09 00:44:12.779152
last_update_v = 2023-10-25 16:52:16.653504

