[DEFAULT]
interv_d = 604800
interv_h = 43200
interv_m = 14400
fctnmt = cloud

[UPDATES]
last_update_d = 2026-07-22 08:11:03.246716
last_update_h = 2026-07-22 08:21:58.252883
last_update_m = 2026-07-22 04:43:31.455528
last_update_v = 2023-10-25 16:52:16.653504

