[DEFAULT]
interv_d = 604800
interv_h = 43200
interv_m = 14400
fctnmt = cloud

[UPDATES]
last_update_d = 2024-10-17 04:09:59.388029
last_update_h = 2024-10-17 04:20:16.191406
last_update_m = 2024-10-17 04:41:06.157650
last_update_v = 2023-10-25 16:52:16.653504

