[DEFAULT]
interv_d = 604800
interv_h = 43200
interv_m = 14400
fctnmt = cloud

[UPDATES]
last_update_d = 2024-02-21 04:09:55.127795
last_update_h = 2024-02-21 04:20:36.738829
last_update_m = 2024-02-21 04:42:05.531775
last_update_v = 2023-10-25 16:52:16.653504

