[DEFAULT]
interv_d = 604800
interv_h = 43200
interv_m = 14400
fctnmt = cloud

[UPDATES]
last_update_d = 2025-08-23 20:11:00.762859
last_update_h = 2025-08-23 20:22:04.262872
last_update_m = 2025-08-23 16:44:21.864111
last_update_v = 2023-10-25 16:52:16.653504

