[DEFAULT]
interv_d = 604800
interv_h = 43200
interv_m = 14400
fctnmt = cloud

[UPDATES]
last_update_d = 2025-10-27 20:10:48.941741
last_update_h = 2025-10-27 20:21:49.677742
last_update_m = 2025-10-27 16:44:09.136184
last_update_v = 2023-10-25 16:52:16.653504

