[DEFAULT]
interv_d = 604800
interv_h = 43200
interv_m = 14400
fctnmt = cloud

[UPDATES]
last_update_d = 2023-11-13 20:44:47.436301
last_update_h = 2023-11-15 21:40:37.346624
last_update_m = 2023-11-16 05:25:25.923719
last_update_v = 2023-11-15 15:00:41.557196

