[DEFAULT]
interv_d = 604800
interv_h = 43200
interv_m = 14400
fctnmt = cloud

[UPDATES]
last_update_d = 2025-10-10 16:11:03.775395
last_update_h = 2025-10-10 16:22:03.977060
last_update_m = 2025-10-10 16:44:09.470499
last_update_v = 2023-10-25 16:52:16.653504

