[DEFAULT]
interv_d = 604800
interv_h = 43200
interv_m = 14400
fctnmt = cloud

[UPDATES]
last_update_d = 2024-02-11 00:09:48.365475
last_update_h = 2024-02-11 00:20:26.841136
last_update_m = 2024-02-10 20:41:58.526399
last_update_v = 2023-10-25 16:52:16.653504

