[DEFAULT]
interv_d = 604800
interv_h = 43200
interv_m = 14400
fctnmt = cloud

[UPDATES]
last_update_d = 2025-03-27 08:11:06.459393
last_update_h = 2025-03-27 08:22:15.470677
last_update_m = 2025-03-27 08:44:37.603445
last_update_v = 2023-10-25 16:52:16.653504

