[DEFAULT]
interv_d = 604800
interv_h = 43200
interv_m = 14400
fctnmt = cloud

[UPDATES]
last_update_d = 2025-08-11 20:11:02.080373
last_update_h = 2025-08-11 20:22:12.675902
last_update_m = 2025-08-11 20:44:27.229065
last_update_v = 2023-10-25 16:52:16.653504

