[DEFAULT]
interv_d = 604800
interv_h = 43200
interv_m = 14400
fctnmt = cloud

[UPDATES]
last_update_d = 2026-07-07 16:11:08.542769
last_update_h = 2026-07-07 16:22:10.056389
last_update_m = 2026-07-07 16:44:26.855829
last_update_v = 2023-10-25 16:52:16.653504

