[DEFAULT]
interv_d = 604800
interv_h = 43200
interv_m = 14400
fctnmt = cloud

[UPDATES]
last_update_d = 2025-03-03 00:10:40.869924
last_update_h = 2025-03-03 00:22:04.083238
last_update_m = 2025-03-02 20:43:41.981220
last_update_v = 2023-10-25 16:52:16.653504

