[DEFAULT]
interv_d = 604800
interv_h = 43200
interv_m = 14400
fctnmt = cloud

[UPDATES]
last_update_d = 2025-01-22 00:10:42.669113
last_update_h = 2025-01-22 00:21:55.696023
last_update_m = 2025-01-21 20:43:20.485571
last_update_v = 2023-10-25 16:52:16.653504

