[DEFAULT]
interv_d = 604800
interv_h = 43200
interv_m = 14400
fctnmt = cloud

[UPDATES]
last_update_d = 2026-04-13 16:10:54.158719
last_update_h = 2026-04-13 16:22:02.136676
last_update_m = 2026-04-13 16:44:59.165227
last_update_v = 2023-10-25 16:52:16.653504

