[DEFAULT]
interv_d = 604800
interv_h = 43200
interv_m = 14400
fctnmt = cloud

[UPDATES]
last_update_d = 2023-10-30 17:57:12.427913
last_update_h = 2023-10-31 20:59:14.660413
last_update_m = 2023-10-31 19:44:20.656944
last_update_v = 2023-10-31 21:41:29.633921

