[DEFAULT]
interv_d = 604800
interv_h = 43200
interv_m = 14400
fctnmt = cloud

[UPDATES]
last_update_d = 2026-02-12 12:11:09.663178
last_update_h = 2026-02-12 12:22:28.674133
last_update_m = 2026-02-12 12:45:17.074619
last_update_v = 2023-10-25 16:52:16.653504

