[DEFAULT]
interv_d = 604800
interv_h = 43200
interv_m = 14400
fctnmt = cloud

[UPDATES]
last_update_d = 2026-07-15 00:11:06.578243
last_update_h = 2026-07-15 00:22:30.449329
last_update_m = 2026-07-14 20:44:09.038308
last_update_v = 2023-10-25 16:52:16.653504

