[DEFAULT]
interv_d = 604800
interv_h = 43200
interv_m = 14400
fctnmt = cloud

[UPDATES]
last_update_d = 2024-04-13 20:10:25.368729
last_update_h = 2024-04-13 20:21:32.431383
last_update_m = 2024-04-13 20:43:38.115536
last_update_v = 2023-10-25 16:52:16.653504

