[DEFAULT]
interv_d = 604800
interv_h = 43200
interv_m = 14400
fctnmt = cloud

[UPDATES]
last_update_d = 2026-01-31 08:11:01.347556
last_update_h = 2026-01-31 08:22:10.369102
last_update_m = 2026-01-31 08:44:23.248509
last_update_v = 2023-10-25 16:52:16.653504

