[DEFAULT]
interv_d = 604800
interv_h = 43200
interv_m = 14400
fctnmt = cloud

[UPDATES]
last_update_d = 2024-06-24 20:10:37.495950
last_update_h = 2024-06-24 20:21:56.451579
last_update_m = 2024-06-24 16:44:36.573116
last_update_v = 2023-10-25 16:52:16.653504

