[DEFAULT]
interv_d = 604800
interv_h = 43200
interv_m = 14400
fctnmt = cloud

[UPDATES]
last_update_d = 2024-01-31 00:09:33.730764
last_update_h = 2024-01-31 00:20:00.945351
last_update_m = 2024-01-31 00:41:05.646735
last_update_v = 2023-10-25 16:52:16.653504

