[DEFAULT]
interv_d = 604800
interv_h = 43200
interv_m = 14400
fctnmt = cloud

[UPDATES]
last_update_d = 2025-11-21 16:11:03.379311
last_update_h = 2025-11-21 16:22:02.343541
last_update_m = 2025-11-21 12:43:55.058238
last_update_v = 2023-10-25 16:52:16.653504

