[DEFAULT]
interv_d = 604800
interv_h = 43200
interv_m = 14400
fctnmt = cloud

[UPDATES]
last_update_d = 2024-01-11 20:09:29.634153
last_update_h = 2024-01-11 20:19:53.655383
last_update_m = 2024-01-11 16:40:48.614413
last_update_v = 2023-10-25 16:52:16.653504

