[DEFAULT]
interv_d = 604800
interv_h = 43200
interv_m = 14400
fctnmt = cloud

[UPDATES]
last_update_d = 2025-03-02 12:10:54.686263
last_update_h = 2025-03-02 12:22:05.007783
last_update_m = 2025-03-02 08:44:46.109301
last_update_v = 2023-10-25 16:52:16.653504

