[DEFAULT]
interv_d = 604800
interv_h = 43200
interv_m = 14400
fctnmt = cloud

[UPDATES]
last_update_d = 2024-06-04 04:10:23.593629
last_update_h = 2024-06-04 04:21:22.218887
last_update_m = 2024-06-04 00:44:05.577067
last_update_v = 2023-10-25 16:52:16.653504

