[DEFAULT]
interv_d = 604800
interv_h = 43200
interv_m = 14400
fctnmt = cloud

[UPDATES]
last_update_d = 2026-06-07 00:10:59.734955
last_update_h = 2026-06-07 00:22:24.134528
last_update_m = 2026-06-07 00:44:22.127510
last_update_v = 2023-10-25 16:52:16.653504

