[DEFAULT]
interv_d = 604800
interv_h = 43200
interv_m = 14400
fctnmt = cloud

[UPDATES]
last_update_d = 2024-03-11 00:10:15.024074
last_update_h = 2024-03-11 00:21:36.471296
last_update_m = 2024-03-11 00:44:06.042601
last_update_v = 2023-10-25 16:52:16.653504

