[DEFAULT]
interv_d = 604800
interv_h = 43200
interv_m = 14400
fctnmt = cloud

[UPDATES]
last_update_d = 2026-03-30 04:10:59.862911
last_update_h = 2026-03-30 04:22:04.856788
last_update_m = 2026-03-30 00:45:04.742024
last_update_v = 2023-10-25 16:52:16.653504

