[DEFAULT]
interv_d = 604800
interv_h = 43200
interv_m = 14400
fctnmt = cloud

[UPDATES]
last_update_d = 2025-11-21 00:10:59.562016
last_update_h = 2025-11-21 00:22:25.781785
last_update_m = 2025-11-20 20:44:52.371553
last_update_v = 2023-10-25 16:52:16.653504

