[DEFAULT]
interv_d = 604800
interv_h = 43200
interv_m = 14400
fctnmt = cloud

[UPDATES]
last_update_d = 2024-01-17 04:09:38.650574
last_update_h = 2024-01-17 04:20:08.652168
last_update_m = 2024-01-17 00:41:23.053796
last_update_v = 2023-10-25 16:52:16.653504

