[DEFAULT]
interv_d = 604800
interv_h = 43200
interv_m = 14400
fctnmt = cloud

[UPDATES]
last_update_d = 2025-03-30 12:10:56.586714
last_update_h = 2025-03-30 12:22:11.411027
last_update_m = 2025-03-30 08:44:29.878754
last_update_v = 2023-10-25 16:52:16.653504

