[DEFAULT]
interv_d = 604800
interv_h = 43200
interv_m = 14400
fctnmt = cloud

[UPDATES]
last_update_d = 2026-07-04 00:11:12.440018
last_update_h = 2026-07-04 00:22:44.645956
last_update_m = 2026-07-04 00:45:00.860994
last_update_v = 2023-10-25 16:52:16.653504

