[DEFAULT]
interv_d = 604800
interv_h = 43200
interv_m = 14400
fctnmt = cloud

[UPDATES]
last_update_d = 2024-01-20 12:09:54.845479
last_update_h = 2024-01-20 12:20:38.941756
last_update_m = 2024-01-20 12:42:20.567059
last_update_v = 2023-10-25 16:52:16.653504

