[DEFAULT]
interv_d = 604800
interv_h = 43200
interv_m = 14400
fctnmt = cloud

[UPDATES]
last_update_d = 2026-07-16 12:11:06.732702
last_update_h = 2026-07-16 12:22:11.138069
last_update_m = 2026-07-16 08:44:34.961573
last_update_v = 2023-10-25 16:52:16.653504

