[DEFAULT]
interv_d = 604800
interv_h = 43200
interv_m = 14400
fctnmt = cloud

[UPDATES]
last_update_d = 2025-11-09 00:10:51.290739
last_update_h = 2025-11-09 00:22:51.374228
last_update_m = 2025-11-08 20:44:59.981737
last_update_v = 2023-10-25 16:52:16.653504

