[DEFAULT]
interv_d = 604800
interv_h = 43200
interv_m = 14400
fctnmt = cloud

[UPDATES]
last_update_d = 2025-07-04 12:11:35.753423
last_update_h = 2025-07-04 12:23:37.562974
last_update_m = 2025-07-04 08:47:52.142355
last_update_v = 2023-10-25 16:52:16.653504

