[DEFAULT]
interv_d = 604800
interv_h = 43200
interv_m = 14400
fctnmt = cloud

[UPDATES]
last_update_d = 2025-03-06 20:10:46.507907
last_update_h = 2025-03-06 20:21:49.889771
last_update_m = 2025-03-06 16:44:12.072702
last_update_v = 2023-10-25 16:52:16.653504

