[DEFAULT]
interv_d = 604800
interv_h = 43200
interv_m = 14400
fctnmt = cloud

[UPDATES]
last_update_d = 2026-07-21 04:11:27.849534
last_update_h = 2026-07-21 04:22:26.545850
last_update_m = 2026-07-21 00:44:49.920436
last_update_v = 2023-10-25 16:52:16.653504

