[DEFAULT]
interv_d = 604800
interv_h = 43200
interv_m = 14400
fctnmt = cloud

[UPDATES]
last_update_d = 2024-08-10 08:10:27.046148
last_update_h = 2024-08-10 08:21:36.529322
last_update_m = 2024-08-10 04:44:24.733975
last_update_v = 2023-10-25 16:52:16.653504

