[DEFAULT]
interv_d = 604800
interv_h = 43200
interv_m = 14400
fctnmt = cloud

[UPDATES]
last_update_d = 2024-04-07 20:10:18.443053
last_update_h = 2024-04-07 20:21:30.014654
last_update_m = 2024-04-07 20:43:31.134400
last_update_v = 2023-10-25 16:52:16.653504

