[DEFAULT]
interv_d = 604800
interv_h = 43200
interv_m = 14400
fctnmt = cloud

[UPDATES]
last_update_d = 2025-07-03 04:11:39.868351
last_update_h = 2025-07-03 04:24:18.643044
last_update_m = 2025-07-03 04:48:10.043677
last_update_v = 2023-10-25 16:52:16.653504

