[DEFAULT]
interv_d = 604800
interv_h = 43200
interv_m = 14400
fctnmt = cloud

[UPDATES]
last_update_d = 2024-10-25 04:09:59.379014
last_update_h = 2024-10-25 04:20:23.365669
last_update_m = 2024-10-25 00:41:33.585106
last_update_v = 2023-10-25 16:52:16.653504

