[DEFAULT]
interv_d = 604800
interv_h = 43200
interv_m = 14400
fctnmt = cloud

[UPDATES]
last_update_d = 2024-10-18 08:10:15.070074
last_update_h = 2024-10-18 08:20:53.775170
last_update_m = 2024-10-18 04:41:39.773556
last_update_v = 2023-10-25 16:52:16.653504

