[DEFAULT]
interv_d = 604800
interv_h = 43200
interv_m = 14400
fctnmt = cloud

[UPDATES]
last_update_d = 2024-07-27 20:10:12.847835
last_update_h = 2024-07-27 20:20:56.938093
last_update_m = 2024-07-27 20:42:27.844179
last_update_v = 2023-10-25 16:52:16.653504

