[DEFAULT]
interv_d = 604800
interv_h = 43200
interv_m = 14400
fctnmt = cloud

[UPDATES]
last_update_d = 2026-01-29 00:11:11.680027
last_update_h = 2026-01-29 00:23:10.328599
last_update_m = 2026-01-28 20:44:09.087748
last_update_v = 2023-10-25 16:52:16.653504

