[DEFAULT]
interv_d = 604800
interv_h = 43200
interv_m = 14400
fctnmt = cloud

[UPDATES]
last_update_d = 2026-05-16 20:10:58.325034
last_update_h = 2026-05-16 20:22:10.227732
last_update_m = 2026-05-16 16:44:06.413077
last_update_v = 2023-10-25 16:52:16.653504

