[DEFAULT]
interv_d = 604800
interv_h = 43200
interv_m = 14400
fctnmt = cloud

[UPDATES]
last_update_d = 2025-07-21 16:10:48.142629
last_update_h = 2025-07-21 16:21:48.470977
last_update_m = 2025-07-21 16:43:43.037992
last_update_v = 2023-10-25 16:52:16.653504

