[DEFAULT]
interv_d = 604800
interv_h = 43200
interv_m = 14400
fctnmt = cloud

[UPDATES]
last_update_d = 2024-07-11 08:10:35.485937
last_update_h = 2024-07-11 08:21:38.284667
last_update_m = 2024-07-11 04:43:36.557987
last_update_v = 2023-10-25 16:52:16.653504

