[DEFAULT]
interv_d = 604800
interv_h = 43200
interv_m = 14400
fctnmt = cloud

[UPDATES]
last_update_d = 2024-06-20 20:10:23.203292
last_update_h = 2024-06-20 20:21:11.732176
last_update_m = 2024-06-20 20:42:54.917182
last_update_v = 2023-10-25 16:52:16.653504

