[DEFAULT]
interv_d = 604800
interv_h = 43200
interv_m = 14400
fctnmt = cloud

[UPDATES]
last_update_d = 2026-05-02 12:10:49.533824
last_update_h = 2026-05-02 12:21:38.752749
last_update_m = 2026-05-02 08:43:36.231053
last_update_v = 2023-10-25 16:52:16.653504

