[DEFAULT]
interv_d = 604800
interv_h = 43200
interv_m = 14400
fctnmt = cloud

[UPDATES]
last_update_d = 2024-08-02 12:10:18.132722
last_update_h = 2024-08-02 12:21:13.642457
last_update_m = 2024-08-02 12:43:05.967300
last_update_v = 2023-10-25 16:52:16.653504

