[DEFAULT]
interv_d = 604800
interv_h = 43200
interv_m = 14400
fctnmt = cloud

[UPDATES]
last_update_d = 2025-08-29 12:11:01.078949
last_update_h = 2025-08-29 12:22:14.540169
last_update_m = 2025-08-29 08:43:59.002250
last_update_v = 2023-10-25 16:52:16.653504

