[DEFAULT]
interv_d = 604800
interv_h = 43200
interv_m = 14400
fctnmt = cloud

[UPDATES]
last_update_d = 2025-09-26 12:11:05.862450
last_update_h = 2025-09-26 12:22:21.383495
last_update_m = 2025-09-26 12:44:55.128881
last_update_v = 2023-10-25 16:52:16.653504

