[DEFAULT]
interv_d = 604800
interv_h = 43200
interv_m = 14400
fctnmt = cloud

[UPDATES]
last_update_d = 2024-05-28 12:10:25.417530
last_update_h = 2024-05-28 12:21:29.129559
last_update_m = 2024-05-28 08:43:47.018545
last_update_v = 2023-10-25 16:52:16.653504

