[DEFAULT]
interv_d = 604800
interv_h = 43200
interv_m = 14400
fctnmt = cloud

[UPDATES]
last_update_d = 2025-02-07 12:10:49.699267
last_update_h = 2025-02-07 12:21:58.086609
last_update_m = 2025-02-07 12:44:22.570145
last_update_v = 2023-10-25 16:52:16.653504

