[DEFAULT]
interv_d = 604800
interv_h = 43200
interv_m = 14400
fctnmt = cloud

[UPDATES]
last_update_d = 2024-07-22 00:10:11.364328
last_update_h = 2024-07-22 00:20:57.826519
last_update_m = 2024-07-22 00:42:27.927606
last_update_v = 2023-10-25 16:52:16.653504

