[DEFAULT]
interv_d = 604800
interv_h = 43200
interv_m = 14400
fctnmt = cloud

[UPDATES]
last_update_d = 2025-02-13 04:10:47.897570
last_update_h = 2025-02-13 04:21:50.269016
last_update_m = 2025-02-13 00:44:20.959666
last_update_v = 2023-10-25 16:52:16.653504

