[DEFAULT]
interv_d = 604800
interv_h = 43200
interv_m = 14400
fctnmt = cloud

[UPDATES]
last_update_d = 2024-07-05 16:10:27.195331
last_update_h = 2024-07-05 16:21:36.482415
last_update_m = 2024-07-05 12:43:26.957391
last_update_v = 2023-10-25 16:52:16.653504

