[DEFAULT]
interv_d = 604800
interv_h = 43200
interv_m = 14400
fctnmt = cloud

[UPDATES]
last_update_d = 2024-11-08 00:10:03.470287
last_update_h = 2024-11-08 00:20:27.582323
last_update_m = 2024-11-07 20:41:20.265367
last_update_v = 2023-10-25 16:52:16.653504

