[DEFAULT]
interv_d = 604800
interv_h = 43200
interv_m = 14400
fctnmt = cloud

[UPDATES]
last_update_d = 2024-09-17 12:10:20.760971
last_update_h = 2024-09-17 12:21:22.268122
last_update_m = 2024-09-17 12:43:24.259685
last_update_v = 2023-10-25 16:52:16.653504

