[DEFAULT]
interv_d = 604800
interv_h = 43200
interv_m = 14400
fctnmt = cloud

[UPDATES]
last_update_d = 2025-05-16 20:10:34.765757
last_update_h = 2025-05-16 20:21:29.544411
last_update_m = 2025-05-16 20:43:10.685258
last_update_v = 2023-10-25 16:52:16.653504

