[DEFAULT]
interv_d = 604800
interv_h = 43200
interv_m = 14400
fctnmt = cloud

[UPDATES]
last_update_d = 2025-12-24 00:11:08.160642
last_update_h = 2025-12-24 00:22:40.053431
last_update_m = 2025-12-24 00:45:10.273456
last_update_v = 2023-10-25 16:52:16.653504

