[DEFAULT]
interv_d = 604800
interv_h = 43200
interv_m = 14400
fctnmt = cloud

[UPDATES]
last_update_d = 2025-05-19 12:10:40.247246
last_update_h = 2025-05-19 12:21:42.867169
last_update_m = 2025-05-19 08:43:19.141979
last_update_v = 2023-10-25 16:52:16.653504

