[DEFAULT]
interv_d = 604800
interv_h = 43200
interv_m = 14400
fctnmt = cloud

[UPDATES]
last_update_d = 2025-09-27 08:10:53.465276
last_update_h = 2025-09-27 08:21:53.370802
last_update_m = 2025-09-27 04:44:28.550984
last_update_v = 2023-10-25 16:52:16.653504

