[DEFAULT]
interv_d = 604800
interv_h = 43200
interv_m = 14400
fctnmt = cloud

[UPDATES]
last_update_d = 2024-07-31 12:10:21.336706
last_update_h = 2024-07-31 12:21:09.626551
last_update_m = 2024-07-31 08:43:37.914104
last_update_v = 2023-10-25 16:52:16.653504

