[DEFAULT]
interv_d = 604800
interv_h = 43200
interv_m = 14400
fctnmt = cloud

[UPDATES]
last_update_d = 2025-01-26 04:10:36.294654
last_update_h = 2025-01-26 04:21:26.402868
last_update_m = 2025-01-26 00:43:33.700797
last_update_v = 2023-10-25 16:52:16.653504

