[DEFAULT]
interv_d = 604800
interv_h = 43200
interv_m = 14400
fctnmt = cloud

[UPDATES]
last_update_d = 2025-11-14 08:11:13.440992
last_update_h = 2025-11-14 08:22:27.762215
last_update_m = 2025-11-14 04:45:44.551489
last_update_v = 2023-10-25 16:52:16.653504

