[DEFAULT]
interv_d = 604800
interv_h = 43200
interv_m = 14400
fctnmt = cloud

[UPDATES]
last_update_d = 2024-11-10 12:10:03.377193
last_update_h = 2024-11-10 12:20:28.378200
last_update_m = 2024-11-10 08:41:45.586790
last_update_v = 2023-10-25 16:52:16.653504

