[DEFAULT]
interv_d = 604800
interv_h = 43200
interv_m = 14400
fctnmt = cloud

[UPDATES]
last_update_d = 2024-02-01 20:09:55.623501
last_update_h = 2024-02-01 20:20:30.441509
last_update_m = 2024-02-01 16:41:47.549750
last_update_v = 2023-10-25 16:52:16.653504

