[DEFAULT]
interv_d = 604800
interv_h = 43200
interv_m = 14400
fctnmt = cloud

[UPDATES]
last_update_d = 2024-10-27 00:09:54.565276
last_update_h = 2024-10-27 00:20:21.498031
last_update_m = 2024-10-26 20:41:30.954159
last_update_v = 2023-10-25 16:52:16.653504

