[DEFAULT]
interv_d = 604800
interv_h = 43200
interv_m = 14400
fctnmt = cloud

[UPDATES]
last_update_d = 2026-06-05 04:10:55.039841
last_update_h = 2026-06-05 04:22:04.727602
last_update_m = 2026-06-05 00:44:05.242037
last_update_v = 2023-10-25 16:52:16.653504

