[DEFAULT]
interv_d = 604800
interv_h = 43200
interv_m = 14400
fctnmt = cloud

[UPDATES]
last_update_d = 2024-06-26 08:10:31.302583
last_update_h = 2024-06-26 08:21:37.693315
last_update_m = 2024-06-26 04:43:39.049600
last_update_v = 2023-10-25 16:52:16.653504

