[DEFAULT]
interv_d = 604800
interv_h = 43200
interv_m = 14400
fctnmt = cloud

[UPDATES]
last_update_d = 2024-10-01 16:09:59.468051
last_update_h = 2024-10-01 16:20:19.093488
last_update_m = 2024-10-01 16:41:07.572896
last_update_v = 2023-10-25 16:52:16.653504

