[DEFAULT]
interv_d = 604800
interv_h = 43200
interv_m = 14400
fctnmt = cloud

[UPDATES]
last_update_d = 2026-03-04 08:10:47.215526
last_update_h = 2026-03-04 08:21:33.263856
last_update_m = 2026-03-04 04:43:41.650493
last_update_v = 2023-10-25 16:52:16.653504

