[DEFAULT]
interv_d = 604800
interv_h = 43200
interv_m = 14400
fctnmt = cloud

[UPDATES]
last_update_d = 2025-05-21 00:10:48.779822
last_update_h = 2025-05-21 00:22:04.765177
last_update_m = 2025-05-20 20:44:26.783260
last_update_v = 2023-10-25 16:52:16.653504

