[DEFAULT]
interv_d = 604800
interv_h = 43200
interv_m = 14400
fctnmt = cloud

[UPDATES]
last_update_d = 2024-06-04 00:10:18.284469
last_update_h = 2024-06-04 00:21:40.300583
last_update_m = 2024-06-03 20:43:38.383886
last_update_v = 2023-10-25 16:52:16.653504

