[DEFAULT]
interv_d = 604800
interv_h = 43200
interv_m = 14400
fctnmt = cloud

[UPDATES]
last_update_d = 2025-02-21 12:10:52.975058
last_update_h = 2025-02-21 12:22:02.495825
last_update_m = 2025-02-21 08:44:18.687652
last_update_v = 2023-10-25 16:52:16.653504

