[DEFAULT]
interv_d = 604800
interv_h = 43200
interv_m = 14400
fctnmt = cloud

[UPDATES]
last_update_d = 2024-04-05 04:10:16.455814
last_update_h = 2024-04-05 04:21:30.964321
last_update_m = 2024-04-05 00:43:30.966772
last_update_v = 2023-10-25 16:52:16.653504

