[DEFAULT]
interv_d = 604800
interv_h = 43200
interv_m = 14400
fctnmt = cloud

[UPDATES]
last_update_d = 2026-04-04 12:10:50.229220
last_update_h = 2026-04-04 12:21:45.248984
last_update_m = 2026-04-04 08:43:53.456965
last_update_v = 2023-10-25 16:52:16.653504

