[DEFAULT]
interv_d = 604800
interv_h = 43200
interv_m = 14400
fctnmt = cloud

[UPDATES]
last_update_d = 2026-03-29 12:11:05.826940
last_update_h = 2026-03-29 12:22:15.229414
last_update_m = 2026-03-29 12:44:36.054886
last_update_v = 2023-10-25 16:52:16.653504

