[DEFAULT]
interv_d = 604800
interv_h = 43200
interv_m = 14400
fctnmt = cloud

[UPDATES]
last_update_d = 2026-01-16 20:10:51.179815
last_update_h = 2026-01-16 20:21:46.449504
last_update_m = 2026-01-16 16:44:32.263411
last_update_v = 2023-10-25 16:52:16.653504

