[DEFAULT]
interv_d = 604800
interv_h = 43200
interv_m = 14400
fctnmt = cloud

[UPDATES]
last_update_d = 2026-03-29 04:10:50.923555
last_update_h = 2026-03-29 04:21:54.033554
last_update_m = 2026-03-29 04:43:57.345366
last_update_v = 2023-10-25 16:52:16.653504

