[DEFAULT]
interv_d = 604800
interv_h = 43200
interv_m = 14400
fctnmt = cloud

[UPDATES]
last_update_d = 2025-07-01 12:10:41.480556
last_update_h = 2025-07-01 12:21:39.361905
last_update_m = 2025-07-01 08:50:48.029613
last_update_v = 2023-10-25 16:52:16.653504

