[DEFAULT]
interv_d = 604800
interv_h = 43200
interv_m = 14400
fctnmt = cloud

[UPDATES]
last_update_d = 2024-12-30 16:10:42.289712
last_update_h = 2024-12-30 16:21:49.555895
last_update_m = 2024-12-30 12:44:07.776151
last_update_v = 2023-10-25 16:52:16.653504

