[DEFAULT]
interv_d = 604800
interv_h = 43200
interv_m = 14400
fctnmt = cloud

[UPDATES]
last_update_d = 2024-08-28 16:10:48.856252
last_update_h = 2024-08-28 16:22:05.163033
last_update_m = 2024-08-28 12:44:30.827358
last_update_v = 2023-10-25 16:52:16.653504

