[DEFAULT]
interv_d = 604800
interv_h = 43200
interv_m = 14400
fctnmt = cloud

[UPDATES]
last_update_d = 2026-01-12 16:10:43.128104
last_update_h = 2026-01-12 16:21:37.268771
last_update_m = 2026-01-12 16:43:31.036531
last_update_v = 2023-10-25 16:52:16.653504

