[DEFAULT]
interv_d = 604800
interv_h = 43200
interv_m = 14400
fctnmt = cloud

[UPDATES]
last_update_d = 2026-07-03 12:11:03.560012
last_update_h = 2026-07-03 12:22:13.269194
last_update_m = 2026-07-03 08:44:23.528024
last_update_v = 2023-10-25 16:52:16.653504

