[DEFAULT]
interv_d = 604800
interv_h = 43200
interv_m = 14400
fctnmt = cloud

[UPDATES]
last_update_d = 2024-01-28 20:09:45.854733
last_update_h = 2024-01-28 20:20:25.138696
last_update_m = 2024-01-23 16:42:09.345844
last_update_v = 2023-10-25 16:52:16.653504

