[DEFAULT]
interv_d = 604800
interv_h = 43200
interv_m = 14400
fctnmt = cloud

[UPDATES]
last_update_d = 2024-09-18 00:10:24.499191
last_update_h = 2024-09-18 00:21:38.675487
last_update_m = 2024-09-17 20:43:02.897372
last_update_v = 2023-10-25 16:52:16.653504

