[DEFAULT]
interv_d = 604800
interv_h = 43200
interv_m = 14400
fctnmt = cloud

[UPDATES]
last_update_d = 2024-04-04 04:10:09.657068
last_update_h = 2024-04-04 04:21:11.514310
last_update_m = 2024-04-04 00:43:59.913793
last_update_v = 2023-10-25 16:52:16.653504

