[DEFAULT]
interv_d = 604800
interv_h = 43200
interv_m = 14400
fctnmt = cloud

[UPDATES]
last_update_d = 2026-02-10 08:10:54.443059
last_update_h = 2026-02-10 08:22:01.331203
last_update_m = 2026-02-10 04:43:46.168479
last_update_v = 2023-10-25 16:52:16.653504

