[DEFAULT]
interv_d = 604800
interv_h = 43200
interv_m = 14400
fctnmt = cloud

[UPDATES]
last_update_d = 2025-10-03 00:11:28.205114
last_update_h = 2025-10-03 00:23:05.789303
last_update_m = 2025-10-02 20:45:36.875771
last_update_v = 2023-10-25 16:52:16.653504

