[DEFAULT]
interv_d = 604800
interv_h = 43200
interv_m = 14400
fctnmt = cloud

[UPDATES]
last_update_d = 2024-04-24 00:10:17.439674
last_update_h = 2024-04-24 00:21:29.129364
last_update_m = 2024-04-24 00:43:54.215329
last_update_v = 2023-10-25 16:52:16.653504

