[DEFAULT]
interv_d = 604800
interv_h = 43200
interv_m = 14400
fctnmt = cloud

[UPDATES]
last_update_d = 2024-01-18 20:09:45.416505
last_update_h = 2024-01-18 20:20:21.356625
last_update_m = 2024-01-18 16:41:44.314154
last_update_v = 2023-10-25 16:52:16.653504

