[DEFAULT]
interv_d = 604800
interv_h = 43200
interv_m = 14400
fctnmt = cloud

[UPDATES]
last_update_d = 2026-05-08 08:10:56.758886
last_update_h = 2026-05-08 08:21:55.047412
last_update_m = 2026-05-08 08:43:57.565033
last_update_v = 2023-10-25 16:52:16.653504

