[DEFAULT]
interv_d = 604800
interv_h = 43200
interv_m = 14400
fctnmt = cloud

[UPDATES]
last_update_d = 2025-09-19 12:10:53.741012
last_update_h = 2025-09-19 12:22:04.675521
last_update_m = 2025-09-19 08:43:41.080810
last_update_v = 2023-10-25 16:52:16.653504

