[DEFAULT]
interv_d = 604800
interv_h = 43200
interv_m = 14400
fctnmt = cloud

[UPDATES]
last_update_d = 2023-12-29 20:09:20.535029
last_update_h = 2023-12-29 20:19:37.338852
last_update_m = 2023-12-29 20:40:02.022433
last_update_v = 2023-10-25 16:52:16.653504

