[DEFAULT]
interv_d = 604800
interv_h = 43200
interv_m = 14400
fctnmt = cloud

[UPDATES]
last_update_d = 2025-10-28 16:10:50.757902
last_update_h = 2025-10-28 16:21:58.366492
last_update_m = 2025-10-28 16:43:58.848356
last_update_v = 2023-10-25 16:52:16.653504

