[DEFAULT]
interv_d = 604800
interv_h = 43200
interv_m = 14400
fctnmt = cloud

[UPDATES]
last_update_d = 2025-01-24 20:10:36.596467
last_update_h = 2025-01-24 20:21:34.476654
last_update_m = 2025-01-24 16:43:19.670755
last_update_v = 2023-10-25 16:52:16.653504

