[DEFAULT]
interv_d = 604800
interv_h = 43200
interv_m = 14400
fctnmt = cloud

[UPDATES]
last_update_d = 2024-08-22 20:10:52.760415
last_update_h = 2024-08-22 20:22:17.461463
last_update_m = 2024-08-22 16:45:07.042719
last_update_v = 2023-10-25 16:52:16.653504

