[DEFAULT]
interv_d = 604800
interv_h = 43200
interv_m = 14400
fctnmt = cloud

[UPDATES]
last_update_d = 2025-05-23 04:10:39.476675
last_update_h = 2025-05-23 04:21:45.973223
last_update_m = 2025-05-23 04:43:43.183574
last_update_v = 2023-10-25 16:52:16.653504

