[DEFAULT]
interv_d = 604800
interv_h = 43200
interv_m = 14400
fctnmt = cloud

[UPDATES]
last_update_d = 2026-03-01 04:10:55.672331
last_update_h = 2026-03-01 04:21:56.155175
last_update_m = 2026-03-01 04:43:56.833512
last_update_v = 2023-10-25 16:52:16.653504

