[DEFAULT]
interv_d = 604800
interv_h = 43200
interv_m = 14400
fctnmt = cloud

[UPDATES]
last_update_d = 2023-12-30 00:09:18.525417
last_update_h = 2023-12-30 00:19:39.314644
last_update_m = 2023-12-30 00:29:58.728677
last_update_v = 2023-10-25 16:52:16.653504

