[DEFAULT]
interv_d = 604800
interv_h = 43200
interv_m = 14400
fctnmt = cloud

[UPDATES]
last_update_d = 2025-03-22 04:10:58.956256
last_update_h = 2025-03-22 04:22:09.677438
last_update_m = 2025-03-22 00:44:35.000240
last_update_v = 2023-10-25 16:52:16.653504

