[DEFAULT]
interv_d = 604800
interv_h = 43200
interv_m = 14400
fctnmt = cloud

[UPDATES]
last_update_d = 2025-10-25 08:10:52.059383
last_update_h = 2025-10-25 08:21:51.454752
last_update_m = 2025-10-25 04:44:06.555972
last_update_v = 2023-10-25 16:52:16.653504

