[DEFAULT]
interv_d = 604800
interv_h = 43200
interv_m = 14400
fctnmt = cloud

[UPDATES]
last_update_d = 2024-06-15 20:11:24.019247
last_update_h = 2024-06-15 20:23:37.908154
last_update_m = 2024-06-15 20:46:11.286738
last_update_v = 2023-10-25 16:52:16.653504

