[DEFAULT]
interv_d = 604800
interv_h = 43200
interv_m = 14400
fctnmt = cloud

[UPDATES]
last_update_d = 2025-09-07 20:11:05.220261
last_update_h = 2025-09-07 20:22:07.881260
last_update_m = 2025-09-07 20:44:11.655649
last_update_v = 2023-10-25 16:52:16.653504

