[DEFAULT]
interv_d = 604800
interv_h = 43200
interv_m = 14400
fctnmt = cloud

[UPDATES]
last_update_d = 2025-03-26 16:10:51.266127
last_update_h = 2025-03-26 16:22:01.407033
last_update_m = 2025-03-26 12:44:37.761714
last_update_v = 2023-10-25 16:52:16.653504

