[DEFAULT]
interv_d = 604800
interv_h = 43200
interv_m = 14400
fctnmt = cloud

[UPDATES]
last_update_d = 2024-01-17 16:09:38.727839
last_update_h = 2024-01-17 16:20:13.723612
last_update_m = 2024-01-17 12:41:34.266427
last_update_v = 2023-10-25 16:52:16.653504

