[DEFAULT]
interv_d = 604800
interv_h = 43200
interv_m = 14400
fctnmt = cloud

[UPDATES]
last_update_d = 2026-02-03 08:10:58.967378
last_update_h = 2026-02-03 08:22:08.933517
last_update_m = 2026-02-03 04:44:20.042729
last_update_v = 2023-10-25 16:52:16.653504

