[DEFAULT]
interv_d = 604800
interv_h = 43200
interv_m = 14400
fctnmt = cloud

[UPDATES]
last_update_d = 2026-03-14 08:10:50.330119
last_update_h = 2026-03-14 08:21:42.162918
last_update_m = 2026-03-14 00:44:05.748325
last_update_v = 2023-10-25 16:52:16.653504

