[DEFAULT]
interv_d = 604800
interv_h = 43200
interv_m = 14400
fctnmt = cloud

[UPDATES]
last_update_d = 2025-07-07 08:12:13.372785
last_update_h = 2025-07-07 08:24:21.372519
last_update_m = 2025-07-07 04:43:26.230079
last_update_v = 2023-10-25 16:52:16.653504

