[DEFAULT]
interv_d = 604800
interv_h = 43200
interv_m = 14400
fctnmt = cloud

[UPDATES]
last_update_d = 2025-05-13 04:10:44.270115
last_update_h = 2025-05-13 04:21:41.046282
last_update_m = 2025-05-13 00:43:54.242453
last_update_v = 2023-10-25 16:52:16.653504

