[DEFAULT]
interv_d = 604800
interv_h = 43200
interv_m = 14400
fctnmt = cloud

[UPDATES]
last_update_d = 2024-11-11 08:10:06.654758
last_update_h = 2024-11-11 08:20:29.977718
last_update_m = 2024-11-11 08:41:09.195643
last_update_v = 2023-10-25 16:52:16.653504

