[DEFAULT]
interv_d = 604800
interv_h = 43200
interv_m = 14400
fctnmt = cloud

[UPDATES]
last_update_d = 2025-01-12 12:10:44.093393
last_update_h = 2025-01-12 12:21:46.966589
last_update_m = 2025-01-12 08:44:04.656679
last_update_v = 2023-10-25 16:52:16.653504

