[DEFAULT]
interv_d = 604800
interv_h = 43200
interv_m = 14400
fctnmt = cloud

[UPDATES]
last_update_d = 2026-04-27 08:10:55.257981
last_update_h = 2026-04-27 08:21:53.651892
last_update_m = 2026-04-27 04:44:32.163957
last_update_v = 2023-10-25 16:52:16.653504

