[DEFAULT]
interv_d = 604800
interv_h = 43200
interv_m = 14400
fctnmt = cloud

[UPDATES]
last_update_d = 2026-02-06 16:10:56.682373
last_update_h = 2026-02-06 16:22:14.170225
last_update_m = 2026-02-06 16:45:13.637833
last_update_v = 2023-10-25 16:52:16.653504

