[DEFAULT]
interv_d = 604800
interv_h = 43200
interv_m = 14400
fctnmt = cloud

[UPDATES]
last_update_d = 2024-04-21 04:10:23.715096
last_update_h = 2024-04-21 04:21:26.735634
last_update_m = 2024-04-21 04:43:21.949257
last_update_v = 2023-10-25 16:52:16.653504

