[DEFAULT]
interv_d = 604800
interv_h = 43200
interv_m = 14400
fctnmt = cloud

[UPDATES]
last_update_d = 2026-03-14 00:11:00.481911
last_update_h = 2026-03-14 00:22:16.828602
last_update_m = 2026-03-13 20:43:33.833213
last_update_v = 2023-10-25 16:52:16.653504

