[DEFAULT]
interv_d = 604800
interv_h = 43200
interv_m = 14400
fctnmt = cloud

[UPDATES]
last_update_d = 2025-03-30 00:10:56.802893
last_update_h = 2025-03-30 00:22:12.692631
last_update_m = 2025-03-29 20:44:30.383111
last_update_v = 2023-10-25 16:52:16.653504

