[DEFAULT]
interv_d = 604800
interv_h = 43200
interv_m = 14400
fctnmt = cloud

[UPDATES]
last_update_d = 2025-02-16 00:10:49.500212
last_update_h = 2025-02-16 00:22:12.557895
last_update_m = 2025-02-15 20:44:14.482780
last_update_v = 2023-10-25 16:52:16.653504

