[DEFAULT]
interv_d = 604800
interv_h = 43200
interv_m = 14400
fctnmt = cloud

[UPDATES]
last_update_d = 2024-02-16 00:09:44.741952
last_update_h = 2024-02-16 00:20:30.568130
last_update_m = 2024-02-15 20:42:07.052463
last_update_v = 2023-10-25 16:52:16.653504

