[DEFAULT]
interv_d = 604800
interv_h = 43200
interv_m = 14400
fctnmt = cloud

[UPDATES]
last_update_d = 2024-08-30 00:10:41.262403
last_update_h = 2024-08-30 00:22:08.260739
last_update_m = 2024-08-29 20:45:11.456470
last_update_v = 2023-10-25 16:52:16.653504

