[DEFAULT]
interv_d = 604800
interv_h = 43200
interv_m = 14400
fctnmt = cloud

[UPDATES]
last_update_d = 2026-02-07 08:10:59.746954
last_update_h = 2026-02-07 08:22:06.127350
last_update_m = 2026-02-07 08:44:18.673669
last_update_v = 2023-10-25 16:52:16.653504

