[DEFAULT]
interv_d = 604800
interv_h = 43200
interv_m = 14400
fctnmt = cloud

[UPDATES]
last_update_d = 2025-01-25 16:10:39.076026
last_update_h = 2025-01-25 16:21:37.380622
last_update_m = 2025-01-25 12:43:29.199624
last_update_v = 2023-10-25 16:52:16.653504

