[DEFAULT]
interv_d = 604800
interv_h = 43200
interv_m = 14400
fctnmt = cloud

[UPDATES]
last_update_d = 2026-06-12 20:11:00.958567
last_update_h = 2026-06-12 20:21:56.849437
last_update_m = 2026-06-12 16:44:17.773320
last_update_v = 2023-10-25 16:52:16.653504

