[DEFAULT]
interv_d = 604800
interv_h = 43200
interv_m = 14400
fctnmt = cloud

[UPDATES]
last_update_d = 2026-01-04 12:10:47.371371
last_update_h = 2026-01-04 12:21:39.844295
last_update_m = 2026-01-04 08:43:47.030413
last_update_v = 2023-10-25 16:52:16.653504

