[DEFAULT]
interv_d = 604800
interv_h = 43200
interv_m = 14400
fctnmt = cloud

[UPDATES]
last_update_d = 2025-06-19 12:10:47.862673
last_update_h = 2025-06-19 12:21:54.282270
last_update_m = 2025-06-19 08:49:28.550424
last_update_v = 2023-10-25 16:52:16.653504

