[DEFAULT]
interv_d = 604800
interv_h = 43200
interv_m = 14400
fctnmt = cloud

[UPDATES]
last_update_d = 2024-08-15 16:10:42.666266
last_update_h = 2024-08-15 16:22:06.749327
last_update_m = 2024-08-15 16:45:01.761125
last_update_v = 2023-10-25 16:52:16.653504

