[DEFAULT]
interv_d = 604800
interv_h = 43200
interv_m = 14400
fctnmt = cloud

[UPDATES]
last_update_d = 2026-04-29 00:11:01.372484
last_update_h = 2026-04-29 00:22:26.358082
last_update_m = 2026-04-29 00:44:28.268651
last_update_v = 2023-10-25 16:52:16.653504

