[DEFAULT]
interv_d = 604800
interv_h = 43200
interv_m = 14400
fctnmt = cloud

[UPDATES]
last_update_d = 2025-08-08 12:10:43.027085
last_update_h = 2025-08-08 12:21:45.545486
last_update_m = 2025-08-08 08:43:44.577898
last_update_v = 2023-10-25 16:52:16.653504

