[DEFAULT]
interv_d = 604800
interv_h = 43200
interv_m = 14400
fctnmt = cloud

[UPDATES]
last_update_d = 2025-03-06 08:10:52.381444
last_update_h = 2025-03-06 08:22:07.591069
last_update_m = 2025-03-06 08:44:26.484787
last_update_v = 2023-10-25 16:52:16.653504

