[DEFAULT]
interv_d = 604800
interv_h = 43200
interv_m = 14400
fctnmt = cloud

[UPDATES]
last_update_d = 2025-05-12 16:10:42.164081
last_update_h = 2025-05-12 16:21:33.772758
last_update_m = 2025-05-12 16:43:27.746823
last_update_v = 2023-10-25 16:52:16.653504

