[DEFAULT]
interv_d = 604800
interv_h = 43200
interv_m = 14400
fctnmt = cloud

[UPDATES]
last_update_d = 2024-06-22 16:10:24.686265
last_update_h = 2024-06-22 16:21:40.152149
last_update_m = 2024-06-22 16:43:38.865942
last_update_v = 2023-10-25 16:52:16.653504

