[DEFAULT]
interv_d = 604800
interv_h = 43200
interv_m = 14400
fctnmt = cloud

[UPDATES]
last_update_d = 2024-02-22 04:09:54.617029
last_update_h = 2024-02-22 04:20:46.541491
last_update_m = 2024-02-22 00:42:17.836826
last_update_v = 2023-10-25 16:52:16.653504

