[DEFAULT]
interv_d = 604800
interv_h = 43200
interv_m = 14400
fctnmt = cloud

[UPDATES]
last_update_d = 2026-01-15 12:10:48.558888
last_update_h = 2026-01-15 12:21:47.255294
last_update_m = 2026-01-15 08:45:00.146703
last_update_v = 2023-10-25 16:52:16.653504

