[DEFAULT]
interv_d = 604800
interv_h = 43200
interv_m = 14400
fctnmt = cloud

[UPDATES]
last_update_d = 2025-05-28 16:10:37.978109
last_update_h = 2025-05-28 16:21:34.074561
last_update_m = 2025-05-28 16:43:14.954135
last_update_v = 2023-10-25 16:52:16.653504

