[DEFAULT]
interv_d = 604800
interv_h = 43200
interv_m = 14400
fctnmt = cloud

[UPDATES]
last_update_d = 2025-03-14 12:10:55.591085
last_update_h = 2025-03-14 12:22:10.712148
last_update_m = 2025-03-14 08:44:48.395503
last_update_v = 2023-10-25 16:52:16.653504

