[DEFAULT]
interv_d = 604800
interv_h = 43200
interv_m = 14400
fctnmt = cloud

[UPDATES]
last_update_d = 2025-04-01 08:10:48.399933
last_update_h = 2025-04-01 08:21:55.904927
last_update_m = 2025-04-01 04:44:25.582370
last_update_v = 2023-10-25 16:52:16.653504

