[DEFAULT]
interv_d = 604800
interv_h = 43200
interv_m = 14400
fctnmt = cloud

[UPDATES]
last_update_d = 2025-04-21 16:10:42.077642
last_update_h = 2025-04-21 16:21:49.500188
last_update_m = 2025-04-21 16:44:01.468532
last_update_v = 2023-10-25 16:52:16.653504

