[DEFAULT]
interv_d = 604800
interv_h = 43200
interv_m = 14400
fctnmt = cloud

[UPDATES]
last_update_d = 2025-01-04 20:10:40.681764
last_update_h = 2025-01-04 20:21:52.478402
last_update_m = 2025-01-04 20:44:11.499427
last_update_v = 2023-10-25 16:52:16.653504

