[DEFAULT]
interv_d = 604800
interv_h = 43200
interv_m = 14400
fctnmt = cloud

[UPDATES]
last_update_d = 2024-09-06 20:10:25.394923
last_update_h = 2024-09-06 20:21:10.680021
last_update_m = 2024-09-06 16:42:55.858324
last_update_v = 2023-10-25 16:52:16.653504

