[DEFAULT]
interv_d = 604800
interv_h = 43200
interv_m = 14400
fctnmt = cloud

[UPDATES]
last_update_d = 2024-05-20 16:10:24.179028
last_update_h = 2024-05-20 16:21:31.209281
last_update_m = 2024-05-20 12:42:52.979497
last_update_v = 2023-10-25 16:52:16.653504

