[DEFAULT]
interv_d = 604800
interv_h = 43200
interv_m = 14400
fctnmt = cloud

[UPDATES]
last_update_d = 2025-03-23 12:10:56.880583
last_update_h = 2025-03-23 12:22:06.797279
last_update_m = 2025-03-23 08:43:57.975375
last_update_v = 2023-10-25 16:52:16.653504

