[DEFAULT]
interv_d = 604800
interv_h = 43200
interv_m = 14400
fctnmt = cloud

[UPDATES]
last_update_d = 2025-06-10 04:10:32.173823
last_update_h = 2025-06-10 04:21:26.544216
last_update_m = 2025-06-10 04:43:14.575444
last_update_v = 2023-10-25 16:52:16.653504

