[DEFAULT]
interv_d = 604800
interv_h = 43200
interv_m = 14400
fctnmt = cloud

[UPDATES]
last_update_d = 2025-05-29 20:10:42.437726
last_update_h = 2025-05-29 20:21:33.845271
last_update_m = 2025-05-29 16:43:03.948525
last_update_v = 2023-10-25 16:52:16.653504

