[DEFAULT]
interv_d = 604800
interv_h = 43200
interv_m = 14400
fctnmt = cloud

[UPDATES]
last_update_d = 2026-07-19 04:11:00.528209
last_update_h = 2026-07-19 04:21:59.925991
last_update_m = 2026-07-19 04:43:53.435834
last_update_v = 2023-10-25 16:52:16.653504

