[DEFAULT]
interv_d = 604800
interv_h = 43200
interv_m = 14400
fctnmt = cloud

[UPDATES]
last_update_d = 2024-06-12 00:10:04.991698
last_update_h = 2024-06-12 00:21:10.931968
last_update_m = 2024-06-12 00:42:47.995679
last_update_v = 2023-10-25 16:52:16.653504

