[DEFAULT]
interv_d = 604800
interv_h = 43200
interv_m = 14400
fctnmt = cloud

[UPDATES]
last_update_d = 2025-09-25 16:10:43.172522
last_update_h = 2025-09-25 16:21:43.776305
last_update_m = 2025-09-25 12:44:16.756878
last_update_v = 2023-10-25 16:52:16.653504

