[DEFAULT]
interv_d = 604800
interv_h = 43200
interv_m = 14400
fctnmt = cloud

[UPDATES]
last_update_d = 2025-07-10 08:11:30.555926
last_update_h = 2025-07-10 08:23:48.556760
last_update_m = 2025-07-10 08:48:15.546032
last_update_v = 2023-10-25 16:52:16.653504

