[DEFAULT]
interv_d = 604800
interv_h = 43200
interv_m = 14400
fctnmt = cloud

[UPDATES]
last_update_d = 2025-04-26 12:10:57.214030
last_update_h = 2025-04-26 12:22:16.179022
last_update_m = 2025-04-26 08:45:05.709699
last_update_v = 2023-10-25 16:52:16.653504

