[DEFAULT]
interv_d = 604800
interv_h = 43200
interv_m = 14400
fctnmt = cloud

[UPDATES]
last_update_d = 2024-08-26 20:10:49.833087
last_update_h = 2024-08-26 20:22:01.439810
last_update_m = 2024-08-26 20:44:38.666038
last_update_v = 2023-10-25 16:52:16.653504

