[DEFAULT]
interv_d = 604800
interv_h = 43200
interv_m = 14400
fctnmt = cloud

[UPDATES]
last_update_d = 2024-03-30 16:10:11.721808
last_update_h = 2024-03-30 16:21:23.415800
last_update_m = 2024-03-30 12:44:04.954232
last_update_v = 2023-10-25 16:52:16.653504

