[DEFAULT]
interv_d = 604800
interv_h = 43200
interv_m = 14400
fctnmt = cloud

[UPDATES]
last_update_d = 2025-06-03 00:10:42.044161
last_update_h = 2025-06-03 00:22:02.859462
last_update_m = 2025-06-02 20:43:19.443152
last_update_v = 2023-10-25 16:52:16.653504

