[DEFAULT]
interv_d = 604800
interv_h = 43200
interv_m = 14400
fctnmt = cloud

[UPDATES]
last_update_d = 2024-11-04 00:10:05.446151
last_update_h = 2024-11-04 00:20:43.599602
last_update_m = 2024-11-03 20:41:52.697112
last_update_v = 2023-10-25 16:52:16.653504

