[DEFAULT]
interv_d = 604800
interv_h = 43200
interv_m = 14400
fctnmt = cloud

[UPDATES]
last_update_d = 2026-04-07 20:10:58.946553
last_update_h = 2026-04-07 20:22:01.759571
last_update_m = 2026-04-07 20:44:10.142999
last_update_v = 2023-10-25 16:52:16.653504

