[DEFAULT]
interv_d = 604800
interv_h = 43200
interv_m = 14400
fctnmt = cloud

[UPDATES]
last_update_d = 2024-04-21 16:10:30.442064
last_update_h = 2024-04-21 16:21:43.953524
last_update_m = 2024-04-21 16:44:33.162515
last_update_v = 2023-10-25 16:52:16.653504

