[DEFAULT]
interv_d = 604800
interv_h = 43200
interv_m = 14400
fctnmt = cloud

[UPDATES]
last_update_d = 2024-09-27 16:10:20.448145
last_update_h = 2024-09-27 16:21:10.244599
last_update_m = 2024-09-27 16:42:58.198867
last_update_v = 2023-10-25 16:52:16.653504

