[DEFAULT]
interv_d = 604800
interv_h = 43200
interv_m = 14400
fctnmt = cloud

[UPDATES]
last_update_d = 2024-03-10 00:10:07.663389
last_update_h = 2024-03-10 00:21:19.834569
last_update_m = 2024-03-10 00:43:19.632311
last_update_v = 2023-10-25 16:52:16.653504

