[DEFAULT]
interv_d = 604800
interv_h = 43200
interv_m = 14400
fctnmt = cloud

[UPDATES]
last_update_d = 2025-12-26 16:11:03.932454
last_update_h = 2025-12-26 16:22:17.955699
last_update_m = 2025-12-26 12:44:55.447894
last_update_v = 2023-10-25 16:52:16.653504

