[DEFAULT]
interv_d = 604800
interv_h = 43200
interv_m = 14400
fctnmt = cloud

[UPDATES]
last_update_d = 2024-06-28 12:10:24.702753
last_update_h = 2024-06-28 12:21:30.184722
last_update_m = 2024-06-28 12:43:27.068606
last_update_v = 2023-10-25 16:52:16.653504

