[DEFAULT]
interv_d = 604800
interv_h = 43200
interv_m = 14400
fctnmt = cloud

[UPDATES]
last_update_d = 2026-01-01 00:11:06.890206
last_update_h = 2026-01-01 00:22:31.782073
last_update_m = 2026-01-01 00:44:50.272244
last_update_v = 2023-10-25 16:52:16.653504

