[DEFAULT]
interv_d = 604800
interv_h = 43200
interv_m = 14400
fctnmt = cloud

[UPDATES]
last_update_d = 2025-07-10 00:11:30.250533
last_update_h = 2025-07-10 00:23:41.986344
last_update_m = 2025-07-10 00:48:09.043470
last_update_v = 2023-10-25 16:52:16.653504

