[DEFAULT]
interv_d = 604800
interv_h = 43200
interv_m = 14400
fctnmt = cloud

[UPDATES]
last_update_d = 2024-03-25 12:10:24.922347
last_update_h = 2024-03-25 12:21:31.735979
last_update_m = 2024-03-25 12:43:52.737441
last_update_v = 2023-10-25 16:52:16.653504

