[DEFAULT]
interv_d = 604800
interv_h = 43200
interv_m = 14400
fctnmt = cloud

[UPDATES]
last_update_d = 2025-12-16 04:11:15.957137
last_update_h = 2025-12-16 04:22:33.177012
last_update_m = 2025-12-16 00:45:26.075952
last_update_v = 2023-10-25 16:52:16.653504

