[DEFAULT]
interv_d = 604800
interv_h = 43200
interv_m = 14400
fctnmt = cloud

[UPDATES]
last_update_d = 2024-03-25 00:10:14.423619
last_update_h = 2024-03-25 00:21:26.256842
last_update_m = 2024-03-24 20:43:43.265719
last_update_v = 2023-10-25 16:52:16.653504

