[DEFAULT]
interv_d = 604800
interv_h = 43200
interv_m = 14400
fctnmt = cloud

[UPDATES]
last_update_d = 2024-07-10 20:10:20.700459
last_update_h = 2024-07-10 20:21:21.691088
last_update_m = 2024-07-10 16:43:52.253613
last_update_v = 2023-10-25 16:52:16.653504

