[DEFAULT]
interv_d = 604800
interv_h = 43200
interv_m = 14400
fctnmt = cloud

[UPDATES]
last_update_d = 2024-05-13 00:10:32.477258
last_update_h = 2024-05-13 00:22:15.117366
last_update_m = 2024-05-12 20:44:31.820992
last_update_v = 2023-10-25 16:52:16.653504

