[DEFAULT]
interv_d = 604800
interv_h = 43200
interv_m = 14400
fctnmt = cloud

[UPDATES]
last_update_d = 2024-05-17 08:10:19.593340
last_update_h = 2024-05-17 08:21:25.931360
last_update_m = 2024-05-17 08:43:52.010112
last_update_v = 2023-10-25 16:52:16.653504

