[DEFAULT]
interv_d = 604800
interv_h = 43200
interv_m = 14400
fctnmt = cloud

[UPDATES]
last_update_d = 2025-12-16 08:11:05.473106
last_update_h = 2025-12-16 08:22:18.364929
last_update_m = 2025-12-16 04:45:09.092709
last_update_v = 2023-10-25 16:52:16.653504

