[DEFAULT]
interv_d = 604800
interv_h = 43200
interv_m = 14400
fctnmt = cloud

[UPDATES]
last_update_d = 2026-02-19 00:10:46.673853
last_update_h = 2026-02-19 00:21:56.562275
last_update_m = 2026-02-19 00:43:49.139582
last_update_v = 2023-10-25 16:52:16.653504

