[DEFAULT]
interv_d = 604800
interv_h = 43200
interv_m = 14400
fctnmt = cloud

[UPDATES]
last_update_d = 2025-02-02 16:10:48.966739
last_update_h = 2025-02-02 16:21:54.494091
last_update_m = 2025-02-02 16:44:17.071753
last_update_v = 2023-10-25 16:52:16.653504

