[DEFAULT]
interv_d = 604800
interv_h = 43200
interv_m = 14400
fctnmt = cloud

[UPDATES]
last_update_d = 2025-08-31 08:10:57.155286
last_update_h = 2025-08-31 08:22:08.050134
last_update_m = 2025-08-31 08:44:16.152917
last_update_v = 2023-10-25 16:52:16.653504

