[DEFAULT]
interv_d = 604800
interv_h = 43200
interv_m = 14400
fctnmt = cloud

[UPDATES]
last_update_d = 2024-05-08 08:10:23.838137
last_update_h = 2024-05-08 08:21:22.024728
last_update_m = 2024-05-08 04:43:23.076538
last_update_v = 2023-10-25 16:52:16.653504

