[DEFAULT]
interv_d = 604800
interv_h = 43200
interv_m = 14400
fctnmt = cloud

[UPDATES]
last_update_d = 2026-07-10 12:10:59.655284
last_update_h = 2026-07-10 12:22:10.158258
last_update_m = 2026-07-10 08:44:28.234123
last_update_v = 2023-10-25 16:52:16.653504

