[DEFAULT]
interv_d = 604800
interv_h = 43200
interv_m = 14400
fctnmt = cloud

[UPDATES]
last_update_d = 2024-05-31 04:10:28.999358
last_update_h = 2024-05-31 04:21:22.925019
last_update_m = 2024-05-31 04:43:37.801964
last_update_v = 2023-10-25 16:52:16.653504

