[DEFAULT]
interv_d = 604800
interv_h = 43200
interv_m = 14400
fctnmt = cloud

[UPDATES]
last_update_d = 2024-12-22 12:10:36.674275
last_update_h = 2024-12-22 12:21:37.473477
last_update_m = 2024-12-22 12:43:23.873624
last_update_v = 2023-10-25 16:52:16.653504

