[DEFAULT]
interv_d = 604800
interv_h = 43200
interv_m = 14400
fctnmt = cloud

[UPDATES]
last_update_d = 2026-02-14 00:11:06.429368
last_update_h = 2026-02-14 00:22:43.443565
last_update_m = 2026-02-13 20:44:50.956589
last_update_v = 2023-10-25 16:52:16.653504

