[DEFAULT]
interv_d = 604800
interv_h = 43200
interv_m = 14400
fctnmt = cloud

[UPDATES]
last_update_d = 2025-06-17 20:10:45.063714
last_update_h = 2025-06-17 20:22:03.364898
last_update_m = 2025-06-17 20:43:57.278105
last_update_v = 2023-10-25 16:52:16.653504

