[DEFAULT]
interv_d = 604800
interv_h = 43200
interv_m = 14400
fctnmt = cloud

[UPDATES]
last_update_d = 2024-05-14 04:10:37.533087
last_update_h = 2024-05-14 04:22:05.310534
last_update_m = 2024-05-14 04:45:01.728942
last_update_v = 2023-10-25 16:52:16.653504

