[DEFAULT]
interv_d = 604800
interv_h = 43200
interv_m = 14400
fctnmt = cloud

[UPDATES]
last_update_d = 2025-07-22 00:10:39.181720
last_update_h = 2025-07-22 00:21:41.645042
last_update_m = 2025-07-21 20:43:25.463863
last_update_v = 2023-10-25 16:52:16.653504

