[DEFAULT]
interv_d = 604800
interv_h = 43200
interv_m = 14400
fctnmt = cloud

[UPDATES]
last_update_d = 2025-10-15 12:11:01.160922
last_update_h = 2025-10-15 12:22:00.750367
last_update_m = 2025-10-15 12:44:17.468518
last_update_v = 2023-10-25 16:52:16.653504

