[DEFAULT]
interv_d = 604800
interv_h = 43200
interv_m = 14400
fctnmt = cloud

[UPDATES]
last_update_d = 2024-11-02 04:09:58.050728
last_update_h = 2024-11-02 04:20:20.087565
last_update_m = 2024-11-02 00:41:28.273880
last_update_v = 2023-10-25 16:52:16.653504

