[DEFAULT]
interv_d = 604800
interv_h = 43200
interv_m = 14400
fctnmt = cloud

[UPDATES]
last_update_d = 2026-03-17 00:11:38.644741
last_update_h = 2026-03-17 00:22:57.865397
last_update_m = 2026-03-16 20:44:04.024631
last_update_v = 2023-10-25 16:52:16.653504

