[DEFAULT]
interv_d = 604800
interv_h = 43200
interv_m = 14400
fctnmt = cloud

[UPDATES]
last_update_d = 2025-11-12 16:11:18.651955
last_update_h = 2025-11-12 16:22:49.768771
last_update_m = 2025-11-12 16:46:00.459958
last_update_v = 2023-10-25 16:52:16.653504

