[DEFAULT]
interv_d = 604800
interv_h = 43200
interv_m = 14400
fctnmt = cloud

[UPDATES]
last_update_d = 2024-09-19 12:10:32.847419
last_update_h = 2024-09-19 12:21:39.882024
last_update_m = 2024-09-19 08:44:28.672347
last_update_v = 2023-10-25 16:52:16.653504

