[DEFAULT]
interv_d = 604800
interv_h = 43200
interv_m = 14400
fctnmt = cloud

[UPDATES]
last_update_d = 2024-01-05 08:12:17.562803
last_update_h = 2024-01-05 08:24:40.059434
last_update_m = 2024-01-05 08:48:44.363899
last_update_v = 2023-10-25 16:52:16.653504

