[DEFAULT]
interv_d = 604800
interv_h = 43200
interv_m = 14400
fctnmt = cloud

[UPDATES]
last_update_d = 2024-12-29 16:10:38.806772
last_update_h = 2024-12-29 16:21:44.999054
last_update_m = 2024-12-29 16:43:54.483609
last_update_v = 2023-10-25 16:52:16.653504

