[DEFAULT]
interv_d = 604800
interv_h = 43200
interv_m = 14400
fctnmt = cloud

[UPDATES]
last_update_d = 2024-06-15 08:10:24.108773
last_update_h = 2024-06-15 08:21:31.730508
last_update_m = 2024-06-15 04:43:31.702002
last_update_v = 2023-10-25 16:52:16.653504

