[DEFAULT]
interv_d = 604800
interv_h = 43200
interv_m = 14400
fctnmt = cloud

[UPDATES]
last_update_d = 2026-02-21 04:11:06.079425
last_update_h = 2026-02-21 04:22:13.329558
last_update_m = 2026-02-21 00:45:10.268035
last_update_v = 2023-10-25 16:52:16.653504

