[DEFAULT]
interv_d = 604800
interv_h = 43200
interv_m = 14400
fctnmt = cloud

[UPDATES]
last_update_d = 2026-02-21 16:11:04.168934
last_update_h = 2026-02-21 16:22:09.228214
last_update_m = 2026-02-21 12:44:33.264298
last_update_v = 2023-10-25 16:52:16.653504

