[DEFAULT]
interv_d = 604800
interv_h = 43200
interv_m = 14400
fctnmt = cloud

[UPDATES]
last_update_d = 2024-12-25 20:10:44.801370
last_update_h = 2024-12-25 20:21:50.784593
last_update_m = 2024-12-25 20:44:03.694703
last_update_v = 2023-10-25 16:52:16.653504

