[DEFAULT]
interv_d = 604800
interv_h = 43200
interv_m = 14400
fctnmt = cloud

[UPDATES]
last_update_d = 2024-02-01 04:09:38.336337
last_update_h = 2024-02-01 04:20:11.549244
last_update_m = 2024-02-01 00:41:18.934604
last_update_v = 2023-10-25 16:52:16.653504

