[DEFAULT]
interv_d = 604800
interv_h = 43200
interv_m = 14400
fctnmt = cloud

[UPDATES]
last_update_d = 2025-11-17 12:11:08.075130
last_update_h = 2025-11-17 12:22:27.770710
last_update_m = 2025-11-17 12:45:03.229696
last_update_v = 2023-10-25 16:52:16.653504

