[DEFAULT]
interv_d = 604800
interv_h = 43200
interv_m = 14400
fctnmt = cloud

[UPDATES]
last_update_d = 2026-06-17 08:10:51.951640
last_update_h = 2026-06-17 08:21:49.734830
last_update_m = 2026-06-17 04:43:51.960727
last_update_v = 2023-10-25 16:52:16.653504

