[DEFAULT]
interv_d = 604800
interv_h = 43200
interv_m = 14400
fctnmt = cloud

[UPDATES]
last_update_d = 2025-10-14 00:10:51.582472
last_update_h = 2025-10-14 00:22:06.755671
last_update_m = 2025-10-13 20:44:12.469231
last_update_v = 2023-10-25 16:52:16.653504

