[DEFAULT]
interv_d = 604800
interv_h = 43200
interv_m = 14400
fctnmt = cloud

[UPDATES]
last_update_d = 2024-03-05 12:10:01.156785
last_update_h = 2024-03-05 12:20:44.849138
last_update_m = 2024-03-05 08:42:20.368095
last_update_v = 2023-10-25 16:52:16.653504

