[DEFAULT]
interv_d = 604800
interv_h = 43200
interv_m = 14400
fctnmt = cloud

[UPDATES]
last_update_d = 2024-09-16 04:10:26.662844
last_update_h = 2024-09-16 04:21:25.664929
last_update_m = 2024-09-16 04:43:14.697951
last_update_v = 2023-10-25 16:52:16.653504

