[DEFAULT]
interv_d = 604800
interv_h = 43200
interv_m = 14400
fctnmt = cloud

[UPDATES]
last_update_d = 2024-12-09 12:10:42.269491
last_update_h = 2024-12-09 12:21:44.682849
last_update_m = 2024-12-09 12:43:52.700610
last_update_v = 2023-10-25 16:52:16.653504

