[DEFAULT]
interv_d = 604800
interv_h = 43200
interv_m = 14400
fctnmt = cloud

[UPDATES]
last_update_d = 2024-04-07 08:10:20.433737
last_update_h = 2024-04-07 08:21:23.629529
last_update_m = 2024-04-07 08:43:29.684765
last_update_v = 2023-10-25 16:52:16.653504

