[DEFAULT]
interv_d = 604800
interv_h = 43200
interv_m = 14400
fctnmt = cloud

[UPDATES]
last_update_d = 2025-05-13 12:10:49.857995
last_update_h = 2025-05-13 12:21:52.978497
last_update_m = 2025-05-13 08:43:43.053788
last_update_v = 2023-10-25 16:52:16.653504

