[DEFAULT]
interv_d = 604800
interv_h = 43200
interv_m = 14400
fctnmt = cloud

[UPDATES]
last_update_d = 2025-10-18 20:11:02.451314
last_update_h = 2025-10-18 20:22:09.956590
last_update_m = 2025-10-18 16:44:13.847680
last_update_v = 2023-10-25 16:52:16.653504

