[DEFAULT]
interv_d = 604800
interv_h = 43200
interv_m = 14400
fctnmt = cloud

[UPDATES]
last_update_d = 2026-04-28 08:10:50.132458
last_update_h = 2026-04-28 08:21:47.962477
last_update_m = 2026-04-28 08:43:42.928463
last_update_v = 2023-10-25 16:52:16.653504

