[DEFAULT]
interv_d = 604800
interv_h = 43200
interv_m = 14400
fctnmt = cloud

[UPDATES]
last_update_d = 2026-06-26 00:11:01.840858
last_update_h = 2026-06-26 00:22:14.159966
last_update_m = 2026-06-26 00:44:08.859053
last_update_v = 2023-10-25 16:52:16.653504

