[DEFAULT]
interv_d = 604800
interv_h = 43200
interv_m = 14400
fctnmt = cloud

[UPDATES]
last_update_d = 2025-02-26 08:10:49.957631
last_update_h = 2025-02-26 08:21:57.018838
last_update_m = 2025-02-26 08:44:07.410820
last_update_v = 2023-10-25 16:52:16.653504

