[DEFAULT]
interv_d = 604800
interv_h = 43200
interv_m = 14400
fctnmt = cloud

[UPDATES]
last_update_d = 2024-01-17 12:09:29.335972
last_update_h = 2024-01-17 12:20:07.334616
last_update_m = 2024-01-17 08:41:23.360283
last_update_v = 2023-10-25 16:52:16.653504

