[DEFAULT]
interv_d = 604800
interv_h = 43200
interv_m = 14400
fctnmt = cloud

[UPDATES]
last_update_d = 2025-11-20 12:10:58.869416
last_update_h = 2025-11-20 12:22:03.970024
last_update_m = 2025-11-20 08:44:25.655232
last_update_v = 2023-10-25 16:52:16.653504

