[DEFAULT]
interv_d = 604800
interv_h = 43200
interv_m = 14400
fctnmt = cloud

[UPDATES]
last_update_d = 2026-03-06 12:11:12.667895
last_update_h = 2026-03-06 12:22:01.225247
last_update_m = 2026-03-06 08:43:24.851197
last_update_v = 2023-10-25 16:52:16.653504

