[DEFAULT]
interv_d = 604800
interv_h = 43200
interv_m = 14400
fctnmt = cloud

[UPDATES]
last_update_d = 2024-07-05 12:10:22.696951
last_update_h = 2024-07-05 12:21:28.706055
last_update_m = 2024-07-05 08:43:20.291868
last_update_v = 2023-10-25 16:52:16.653504

