[DEFAULT]
interv_d = 604800
interv_h = 43200
interv_m = 14400
fctnmt = cloud

[UPDATES]
last_update_d = 2024-10-23 04:09:55.380380
last_update_h = 2024-10-23 04:20:09.470152
last_update_m = 2024-10-23 04:41:00.291122
last_update_v = 2023-10-25 16:52:16.653504

