[DEFAULT]
interv_d = 604800
interv_h = 43200
interv_m = 14400
fctnmt = cloud

[UPDATES]
last_update_d = 2025-10-23 16:10:54.228152
last_update_h = 2025-10-23 16:21:58.288495
last_update_m = 2025-10-23 16:43:59.865089
last_update_v = 2023-10-25 16:52:16.653504

