[DEFAULT]
interv_d = 604800
interv_h = 43200
interv_m = 14400
fctnmt = cloud

[UPDATES]
last_update_d = 2026-03-28 04:10:53.949038
last_update_h = 2026-03-28 04:21:53.545480
last_update_m = 2026-03-28 00:44:19.319410
last_update_v = 2023-10-25 16:52:16.653504

