[DEFAULT]
interv_d = 604800
interv_h = 43200
interv_m = 14400
fctnmt = cloud

[UPDATES]
last_update_d = 2026-01-15 16:10:50.074495
last_update_h = 2026-01-15 16:21:46.045204
last_update_m = 2026-01-15 12:43:43.561534
last_update_v = 2023-10-25 16:52:16.653504

