[DEFAULT]
interv_d = 604800
interv_h = 43200
interv_m = 14400
fctnmt = cloud

[UPDATES]
last_update_d = 2025-12-18 04:11:00.950364
last_update_h = 2025-12-18 04:22:08.765820
last_update_m = 2025-12-18 04:44:22.948827
last_update_v = 2023-10-25 16:52:16.653504

