[DEFAULT]
interv_d = 604800
interv_h = 43200
interv_m = 14400
fctnmt = cloud

[UPDATES]
last_update_d = 2025-01-25 04:10:32.570376
last_update_h = 2025-01-25 04:21:20.555787
last_update_m = 2025-01-25 04:43:08.886435
last_update_v = 2023-10-25 16:52:16.653504

