[DEFAULT]
interv_d = 604800
interv_h = 43200
interv_m = 14400
fctnmt = cloud

[UPDATES]
last_update_d = 2024-09-09 04:10:29.377141
last_update_h = 2024-09-09 04:21:18.377596
last_update_m = 2024-09-09 00:44:50.789990
last_update_v = 2023-10-25 16:52:16.653504

