[DEFAULT]
interv_d = 604800
interv_h = 43200
interv_m = 14400
fctnmt = cloud

[UPDATES]
last_update_d = 2025-04-13 00:10:58.762977
last_update_h = 2025-04-13 00:22:15.080393
last_update_m = 2025-04-13 00:44:41.080840
last_update_v = 2023-10-25 16:52:16.653504

