[DEFAULT]
interv_d = 604800
interv_h = 43200
interv_m = 14400
fctnmt = cloud

[UPDATES]
last_update_d = 2025-08-15 16:10:54.151857
last_update_h = 2025-08-15 16:21:51.430177
last_update_m = 2025-08-15 16:43:52.268499
last_update_v = 2023-10-25 16:52:16.653504

