[DEFAULT]
interv_d = 604800
interv_h = 43200
interv_m = 14400
fctnmt = cloud

[UPDATES]
last_update_d = 2024-12-02 12:10:35.495477
last_update_h = 2024-12-02 12:21:41.654365
last_update_m = 2024-12-02 12:43:45.155985
last_update_v = 2023-10-25 16:52:16.653504

