[DEFAULT]
interv_d = 604800
interv_h = 43200
interv_m = 14400
fctnmt = cloud

[UPDATES]
last_update_d = 2024-12-27 08:10:40.690048
last_update_h = 2024-12-27 08:21:40.795904
last_update_m = 2024-12-27 08:43:45.771139
last_update_v = 2023-10-25 16:52:16.653504

