[DEFAULT]
interv_d = 604800
interv_h = 43200
interv_m = 14400
fctnmt = cloud

[UPDATES]
last_update_d = 2024-05-04 16:10:16.342406
last_update_h = 2024-05-04 16:21:22.455050
last_update_m = 2024-05-04 12:43:28.838812
last_update_v = 2023-10-25 16:52:16.653504

