[DEFAULT]
interv_d = 604800
interv_h = 43200
interv_m = 14400
fctnmt = cloud

[UPDATES]
last_update_d = 2024-03-09 08:10:16.860976
last_update_h = 2024-03-09 08:21:19.433155
last_update_m = 2024-03-09 08:43:37.636459
last_update_v = 2023-10-25 16:52:16.653504

