[DEFAULT]
interv_d = 604800
interv_h = 43200
interv_m = 14400
fctnmt = cloud

[UPDATES]
last_update_d = 2025-04-27 08:10:53.405308
last_update_h = 2025-04-27 08:21:57.659305
last_update_m = 2025-04-27 04:44:28.790264
last_update_v = 2023-10-25 16:52:16.653504

