[DEFAULT]
interv_d = 604800
interv_h = 43200
interv_m = 14400
fctnmt = cloud

[UPDATES]
last_update_d = 2026-05-20 20:11:04.644270
last_update_h = 2026-05-20 20:21:59.156311
last_update_m = 2026-05-20 20:43:49.559939
last_update_v = 2023-10-25 16:52:16.653504

