[DEFAULT]
interv_d = 604800
interv_h = 43200
interv_m = 14400
fctnmt = cloud

[UPDATES]
last_update_d = 2026-03-09 16:10:54.959823
last_update_h = 2026-03-09 16:21:59.013940
last_update_m = 2026-03-09 12:43:46.725197
last_update_v = 2023-10-25 16:52:16.653504

