[DEFAULT]
interv_d = 604800
interv_h = 43200
interv_m = 14400
fctnmt = cloud

[UPDATES]
last_update_d = 2024-05-22 08:10:23.703506
last_update_h = 2024-05-22 08:21:31.594341
last_update_m = 2024-05-22 08:43:32.095140
last_update_v = 2023-10-25 16:52:16.653504

