[DEFAULT]
interv_d = 604800
interv_h = 43200
interv_m = 14400
fctnmt = cloud

[UPDATES]
last_update_d = 2024-08-16 00:10:39.456361
last_update_h = 2024-08-16 00:22:01.824931
last_update_m = 2024-08-16 00:44:32.529869
last_update_v = 2023-10-25 16:52:16.653504

