[DEFAULT]
interv_d = 604800
interv_h = 43200
interv_m = 14400
fctnmt = cloud

[UPDATES]
last_update_d = 2024-04-13 08:10:19.661505
last_update_h = 2024-04-13 08:21:22.645738
last_update_m = 2024-04-13 08:43:32.555774
last_update_v = 2023-10-25 16:52:16.653504

