[DEFAULT]
interv_d = 604800
interv_h = 43200
interv_m = 14400
fctnmt = cloud

[UPDATES]
last_update_d = 2024-09-16 00:10:22.043800
last_update_h = 2024-09-16 00:21:30.191386
last_update_m = 2024-09-16 00:43:15.873919
last_update_v = 2023-10-25 16:52:16.653504

