[DEFAULT]
interv_d = 604800
interv_h = 43200
interv_m = 14400
fctnmt = cloud

[UPDATES]
last_update_d = 2025-12-01 00:11:12.329938
last_update_h = 2025-12-01 00:22:35.346626
last_update_m = 2025-12-01 00:45:01.384023
last_update_v = 2023-10-25 16:52:16.653504

