[DEFAULT]
interv_d = 604800
interv_h = 43200
interv_m = 14400
fctnmt = cloud

[UPDATES]
last_update_d = 2025-07-17 00:10:43.385645
last_update_h = 2025-07-17 00:21:52.168730
last_update_m = 2025-07-17 00:43:36.845206
last_update_v = 2023-10-25 16:52:16.653504

