[DEFAULT]
interv_d = 604800
interv_h = 43200
interv_m = 14400
fctnmt = cloud

[UPDATES]
last_update_d = 2025-12-03 00:11:05.087141
last_update_h = 2025-12-03 00:22:27.772867
last_update_m = 2025-12-03 00:44:48.268538
last_update_v = 2023-10-25 16:52:16.653504

