[DEFAULT]
interv_d = 604800
interv_h = 43200
interv_m = 14400
fctnmt = cloud

[UPDATES]
last_update_d = 2024-09-24 08:10:25.482280
last_update_h = 2024-09-24 08:21:26.399788
last_update_m = 2024-09-24 04:42:48.161609
last_update_v = 2023-10-25 16:52:16.653504

