[DEFAULT]
interv_d = 604800
interv_h = 43200
interv_m = 14400
fctnmt = cloud

[UPDATES]
last_update_d = 2026-01-30 08:11:03.850288
last_update_h = 2026-01-30 08:22:07.466863
last_update_m = 2026-01-30 04:44:15.261768
last_update_v = 2023-10-25 16:52:16.653504

