[DEFAULT]
interv_d = 604800
interv_h = 43200
interv_m = 14400
fctnmt = cloud

[UPDATES]
last_update_d = 2026-07-19 00:11:00.359935
last_update_h = 2026-07-19 00:22:19.055041
last_update_m = 2026-07-19 00:44:26.342791
last_update_v = 2023-10-25 16:52:16.653504

