[DEFAULT]
interv_d = 604800
interv_h = 43200
interv_m = 14400
fctnmt = cloud

[UPDATES]
last_update_d = 2025-02-04 04:10:45.697328
last_update_h = 2025-02-04 04:21:47.978207
last_update_m = 2025-02-04 00:44:10.897405
last_update_v = 2023-10-25 16:52:16.653504

