[DEFAULT]
interv_d = 604800
interv_h = 43200
interv_m = 14400
fctnmt = cloud

[UPDATES]
last_update_d = 2025-11-22 20:11:02.071907
last_update_h = 2025-11-22 20:22:05.964521
last_update_m = 2025-11-22 16:44:08.882657
last_update_v = 2023-10-25 16:52:16.653504

