[DEFAULT]
interv_d = 604800
interv_h = 43200
interv_m = 14400
fctnmt = cloud

[UPDATES]
last_update_d = 2024-04-29 04:10:14.846828
last_update_h = 2024-04-29 04:21:09.551920
last_update_m = 2024-04-29 00:43:17.860072
last_update_v = 2023-10-25 16:52:16.653504

