[DEFAULT]
interv_d = 604800
interv_h = 43200
interv_m = 14400
fctnmt = cloud

[UPDATES]
last_update_d = 2025-02-19 08:10:54.801198
last_update_h = 2025-02-19 08:22:01.606492
last_update_m = 2025-02-19 04:44:11.868363
last_update_v = 2023-10-25 16:52:16.653504

