[DEFAULT]
interv_d = 604800
interv_h = 43200
interv_m = 14400
fctnmt = cloud

[UPDATES]
last_update_d = 2026-05-25 20:11:03.214943
last_update_h = 2026-05-25 20:22:07.555740
last_update_m = 2026-05-25 16:43:43.930336
last_update_v = 2023-10-25 16:52:16.653504

