[DEFAULT]
interv_d = 604800
interv_h = 43200
interv_m = 14400
fctnmt = cloud

[UPDATES]
last_update_d = 2026-04-24 12:10:52.750802
last_update_h = 2026-04-24 12:21:54.462961
last_update_m = 2026-04-24 08:43:56.235065
last_update_v = 2023-10-25 16:52:16.653504

