[DEFAULT]
interv_d = 604800
interv_h = 43200
interv_m = 14400
fctnmt = cloud

[UPDATES]
last_update_d = 2024-07-19 04:10:14.915616
last_update_h = 2024-07-19 04:20:53.966245
last_update_m = 2024-07-19 00:42:26.255615
last_update_v = 2023-10-25 16:52:16.653504

