[DEFAULT]
interv_d = 604800
interv_h = 43200
interv_m = 14400
fctnmt = cloud

[UPDATES]
last_update_d = 2025-11-09 04:11:00.867353
last_update_h = 2025-11-09 04:22:17.566075
last_update_m = 2025-11-09 04:44:46.946904
last_update_v = 2023-10-25 16:52:16.653504

