[DEFAULT]
interv_d = 604800
interv_h = 43200
interv_m = 14400
fctnmt = cloud

[UPDATES]
last_update_d = 2025-06-21 08:10:50.380989
last_update_h = 2025-06-21 08:22:56.228911
last_update_m = 2025-06-21 04:44:13.129534
last_update_v = 2023-10-25 16:52:16.653504

