[DEFAULT]
interv_d = 604800
interv_h = 43200
interv_m = 14400
fctnmt = cloud

[UPDATES]
last_update_d = 2026-01-07 00:11:01.563692
last_update_h = 2026-01-07 00:22:18.644983
last_update_m = 2026-01-06 20:44:08.290150
last_update_v = 2023-10-25 16:52:16.653504

