[DEFAULT]
interv_d = 604800
interv_h = 43200
interv_m = 14400
fctnmt = cloud

[UPDATES]
last_update_d = 2025-03-04 08:10:44.576291
last_update_h = 2025-03-04 08:21:43.107980
last_update_m = 2025-03-04 08:43:38.469403
last_update_v = 2023-10-25 16:52:16.653504

