[DEFAULT]
interv_d = 604800
interv_h = 43200
interv_m = 14400
fctnmt = cloud

[UPDATES]
last_update_d = 2026-06-18 08:10:47.742230
last_update_h = 2026-06-18 08:21:39.634678
last_update_m = 2026-06-18 08:43:18.150238
last_update_v = 2023-10-25 16:52:16.653504

