[DEFAULT]
interv_d = 604800
interv_h = 43200
interv_m = 14400
fctnmt = cloud

[UPDATES]
last_update_d = 2026-01-04 04:10:38.039108
last_update_h = 2026-01-04 04:21:29.849909
last_update_m = 2026-01-04 04:43:04.367934
last_update_v = 2023-10-25 16:52:16.653504

