[DEFAULT]
interv_d = 604800
interv_h = 43200
interv_m = 14400
fctnmt = cloud

[UPDATES]
last_update_d = 2025-10-05 16:11:12.772495
last_update_h = 2025-10-05 16:22:32.633926
last_update_m = 2025-10-05 16:45:08.266218
last_update_v = 2023-10-25 16:52:16.653504

