[DEFAULT]
interv_d = 604800
interv_h = 43200
interv_m = 14400
fctnmt = cloud

[UPDATES]
last_update_d = 2024-04-30 08:10:16.946040
last_update_h = 2024-04-30 08:21:19.947398
last_update_m = 2024-04-30 04:43:56.383149
last_update_v = 2023-10-25 16:52:16.653504

