[DEFAULT]
interv_d = 604800
interv_h = 43200
interv_m = 14400
fctnmt = cloud

[UPDATES]
last_update_d = 2025-06-20 04:12:23.571616
last_update_h = 2025-06-20 04:24:54.260178
last_update_m = 2025-06-20 00:49:59.647685
last_update_v = 2023-10-25 16:52:16.653504

