[DEFAULT]
interv_d = 604800
interv_h = 43200
interv_m = 14400
fctnmt = cloud

[UPDATES]
last_update_d = 2024-08-11 20:10:30.813114
last_update_h = 2024-08-11 20:21:40.058683
last_update_m = 2024-08-11 20:43:49.014894
last_update_v = 2023-10-25 16:52:16.653504

