[DEFAULT]
interv_d = 604800
interv_h = 43200
interv_m = 14400
fctnmt = cloud

[UPDATES]
last_update_d = 2024-06-14 04:10:26.307358
last_update_h = 2024-06-14 04:21:28.229726
last_update_m = 2024-06-14 00:43:23.198543
last_update_v = 2023-10-25 16:52:16.653504

