[DEFAULT]
interv_d = 604800
interv_h = 43200
interv_m = 14400
fctnmt = cloud

[UPDATES]
last_update_d = 2025-06-04 00:10:45.139037
last_update_h = 2025-06-04 00:21:59.381146
last_update_m = 2025-06-03 20:43:50.242876
last_update_v = 2023-10-25 16:52:16.653504

