[DEFAULT]
interv_d = 604800
interv_h = 43200
interv_m = 14400
fctnmt = cloud

[UPDATES]
last_update_d = 2026-05-12 20:10:54.538005
last_update_h = 2026-05-12 20:21:51.162777
last_update_m = 2026-05-12 16:43:44.915068
last_update_v = 2023-10-25 16:52:16.653504

