[DEFAULT]
interv_d = 604800
interv_h = 43200
interv_m = 14400
fctnmt = cloud

[UPDATES]
last_update_d = 2023-10-30 17:57:12.427913
last_update_h = 2023-11-06 17:31:53.354855
last_update_m = 2023-11-06 16:15:34.252510
last_update_v = 2023-11-05 16:45:35.326347

