[DEFAULT]
interv_d = 604800
interv_h = 43200
interv_m = 14400
fctnmt = cloud

[UPDATES]
last_update_d = 2025-12-08 20:11:04.879145
last_update_h = 2025-12-08 20:22:16.965409
last_update_m = 2025-12-08 16:43:45.529193
last_update_v = 2023-10-25 16:52:16.653504

