[DEFAULT]
interv_d = 604800
interv_h = 43200
interv_m = 14400
fctnmt = cloud

[UPDATES]
last_update_d = 2026-06-03 12:10:54.958624
last_update_h = 2026-06-03 12:21:51.149560
last_update_m = 2026-06-03 12:43:57.364817
last_update_v = 2023-10-25 16:52:16.653504

