[DEFAULT]
interv_d = 604800
interv_h = 43200
interv_m = 14400
fctnmt = cloud

[UPDATES]
last_update_d = 2025-03-08 04:10:45.996248
last_update_h = 2025-03-08 04:21:49.810403
last_update_m = 2025-03-08 00:44:49.089139
last_update_v = 2023-10-25 16:52:16.653504

