[DEFAULT]
interv_d = 604800
interv_h = 43200
interv_m = 14400
fctnmt = cloud

[UPDATES]
last_update_d = 2025-03-13 20:11:01.255354
last_update_h = 2025-03-13 20:22:10.572770
last_update_m = 2025-03-13 20:44:31.176690
last_update_v = 2023-10-25 16:52:16.653504

