[DEFAULT]
interv_d = 604800
interv_h = 43200
interv_m = 14400
fctnmt = cloud

[UPDATES]
last_update_d = 2026-06-21 04:10:52.365412
last_update_h = 2026-06-21 04:21:43.663654
last_update_m = 2026-06-21 04:43:31.332020
last_update_v = 2023-10-25 16:52:16.653504

