[DEFAULT]
interv_d = 604800
interv_h = 43200
interv_m = 14400
fctnmt = cloud

[UPDATES]
last_update_d = 2026-01-07 16:10:52.564074
last_update_h = 2026-01-07 16:21:47.968274
last_update_m = 2026-01-07 12:43:44.349521
last_update_v = 2023-10-25 16:52:16.653504

