[DEFAULT]
interv_d = 604800
interv_h = 43200
interv_m = 14400
fctnmt = cloud

[UPDATES]
last_update_d = 2025-03-16 08:10:50.602270
last_update_h = 2025-03-16 08:21:53.869772
last_update_m = 2025-03-16 04:44:20.074194
last_update_v = 2023-10-25 16:52:16.653504

