[DEFAULT]
interv_d = 604800
interv_h = 43200
interv_m = 14400
fctnmt = cloud

[UPDATES]
last_update_d = 2025-10-17 16:10:59.743123
last_update_h = 2025-10-17 16:22:06.970240
last_update_m = 2025-10-17 16:44:22.375813
last_update_v = 2023-10-25 16:52:16.653504

