[DEFAULT]
interv_d = 604800
interv_h = 43200
interv_m = 14400
fctnmt = cloud

[UPDATES]
last_update_d = 2024-08-20 04:10:43.726831
last_update_h = 2024-08-20 04:22:05.253872
last_update_m = 2024-08-20 00:44:30.344862
last_update_v = 2023-10-25 16:52:16.653504

