[DEFAULT]
interv_d = 604800
interv_h = 43200
interv_m = 14400
fctnmt = cloud

[UPDATES]
last_update_d = 2025-07-30 20:10:46.086676
last_update_h = 2025-07-30 20:21:42.150859
last_update_m = 2025-07-30 20:43:42.552943
last_update_v = 2023-10-25 16:52:16.653504

