[DEFAULT]
interv_d = 604800
interv_h = 43200
interv_m = 14400
fctnmt = cloud

[UPDATES]
last_update_d = 2025-01-19 16:10:28.868044
last_update_h = 2025-01-19 16:21:24.596306
last_update_m = 2025-01-19 16:43:06.293325
last_update_v = 2023-10-25 16:52:16.653504

