[DEFAULT]
interv_d = 604800
interv_h = 43200
interv_m = 14400
fctnmt = cloud

[UPDATES]
last_update_d = 2025-10-21 04:10:59.559050
last_update_h = 2025-10-21 04:22:06.152605
last_update_m = 2025-10-21 00:44:13.932518
last_update_v = 2023-10-25 16:52:16.653504

