[DEFAULT]
interv_d = 604800
interv_h = 43200
interv_m = 14400
fctnmt = cloud

[UPDATES]
last_update_d = 2025-12-22 04:10:55.144536
last_update_h = 2025-12-22 04:21:52.962455
last_update_m = 2025-12-22 04:43:54.304843
last_update_v = 2023-10-25 16:52:16.653504

