[DEFAULT]
interv_d = 604800
interv_h = 43200
interv_m = 14400
fctnmt = cloud

[UPDATES]
last_update_d = 2024-11-15 00:09:56.801253
last_update_h = 2024-11-15 00:20:19.273223
last_update_m = 2024-11-14 20:41:04.859329
last_update_v = 2023-10-25 16:52:16.653504

