[DEFAULT]
interv_d = 604800
interv_h = 43200
interv_m = 14400
fctnmt = cloud

[UPDATES]
last_update_d = 2025-10-25 20:10:59.268620
last_update_h = 2025-10-25 20:22:12.555629
last_update_m = 2025-10-25 16:43:46.659625
last_update_v = 2023-10-25 16:52:16.653504

