[DEFAULT]
interv_d = 604800
interv_h = 43200
interv_m = 14400
fctnmt = cloud

[UPDATES]
last_update_d = 2025-12-27 12:11:10.874771
last_update_h = 2025-12-27 12:22:23.274746
last_update_m = 2025-12-27 08:44:33.828445
last_update_v = 2023-10-25 16:52:16.653504

