[DEFAULT]
interv_d = 604800
interv_h = 43200
interv_m = 14400
fctnmt = cloud

[UPDATES]
last_update_d = 2026-03-18 00:11:08.627058
last_update_h = 2026-03-18 00:22:35.039451
last_update_m = 2026-03-17 20:43:53.923713
last_update_v = 2023-10-25 16:52:16.653504

