[DEFAULT]
interv_d = 604800
interv_h = 43200
interv_m = 14400
fctnmt = cloud

[UPDATES]
last_update_d = 2026-03-12 08:10:51.968872
last_update_h = 2026-03-12 08:21:59.135509
last_update_m = 2026-03-12 04:44:17.332981
last_update_v = 2023-10-25 16:52:16.653504

