[DEFAULT]
interv_d = 604800
interv_h = 43200
interv_m = 14400
fctnmt = cloud

[UPDATES]
last_update_d = 2026-06-05 08:10:47.946460
last_update_h = 2026-06-05 08:21:42.620767
last_update_m = 2026-06-05 04:43:54.248105
last_update_v = 2023-10-25 16:52:16.653504

