[DEFAULT]
interv_d = 604800
interv_h = 43200
interv_m = 14400
fctnmt = cloud

[UPDATES]
last_update_d = 2024-10-22 04:10:45.189275
last_update_h = 2024-10-22 04:21:13.463560
last_update_m = 2024-10-22 00:41:06.589440
last_update_v = 2023-10-25 16:52:16.653504

