[DEFAULT]
interv_d = 604800
interv_h = 43200
interv_m = 14400
fctnmt = cloud

[UPDATES]
last_update_d = 2025-03-08 20:10:48.480007
last_update_h = 2025-03-08 20:21:58.667669
last_update_m = 2025-03-08 20:43:57.854951
last_update_v = 2023-10-25 16:52:16.653504

