[DEFAULT]
interv_d = 604800
interv_h = 43200
interv_m = 14400
fctnmt = cloud

[UPDATES]
last_update_d = 2024-07-27 12:10:03.044541
last_update_h = 2024-07-27 12:20:47.855047
last_update_m = 2024-07-27 08:42:35.646639
last_update_v = 2023-10-25 16:52:16.653504

