[DEFAULT]
interv_d = 604800
interv_h = 43200
interv_m = 14400
fctnmt = cloud

[UPDATES]
last_update_d = 2026-01-01 20:10:55.384362
last_update_h = 2026-01-01 20:22:08.009044
last_update_m = 2026-01-01 16:44:26.465234
last_update_v = 2023-10-25 16:52:16.653504

