[DEFAULT]
interv_d = 604800
interv_h = 43200
interv_m = 14400
fctnmt = cloud

[UPDATES]
last_update_d = 2026-04-15 00:11:00.855207
last_update_h = 2026-04-15 00:22:19.012666
last_update_m = 2026-04-14 20:44:11.445690
last_update_v = 2023-10-25 16:52:16.653504

