[DEFAULT]
interv_d = 604800
interv_h = 43200
interv_m = 14400
fctnmt = cloud

[UPDATES]
last_update_d = 2026-05-05 04:10:51.414173
last_update_h = 2026-05-05 04:21:41.229977
last_update_m = 2026-05-05 04:43:23.813293
last_update_v = 2023-10-25 16:52:16.653504

