[DEFAULT]
interv_d = 604800
interv_h = 43200
interv_m = 14400
fctnmt = cloud

[UPDATES]
last_update_d = 2024-04-09 00:10:11.869077
last_update_h = 2024-04-09 00:21:09.357234
last_update_m = 2024-04-08 20:43:28.135263
last_update_v = 2023-10-25 16:52:16.653504

