[DEFAULT]
interv_d = 604800
interv_h = 43200
interv_m = 14400
fctnmt = cloud

[UPDATES]
last_update_d = 2024-07-30 20:10:23.522138
last_update_h = 2024-07-30 20:21:27.259153
last_update_m = 2024-07-30 20:43:34.012861
last_update_v = 2023-10-25 16:52:16.653504

