[DEFAULT]
interv_d = 604800
interv_h = 43200
interv_m = 14400
fctnmt = cloud

[UPDATES]
last_update_d = 2024-02-16 12:09:51.456959
last_update_h = 2024-02-16 12:20:33.954045
last_update_m = 2024-02-16 12:42:05.942257
last_update_v = 2023-10-25 16:52:16.653504

