[DEFAULT]
interv_d = 604800
interv_h = 43200
interv_m = 14400
fctnmt = cloud

[UPDATES]
last_update_d = 2026-03-16 12:10:56.952162
last_update_h = 2026-03-16 12:21:55.129970
last_update_m = 2026-03-16 12:43:56.946484
last_update_v = 2023-10-25 16:52:16.653504

