[DEFAULT]
interv_d = 604800
interv_h = 43200
interv_m = 14400
fctnmt = cloud

[UPDATES]
last_update_d = 2024-03-14 16:10:15.323436
last_update_h = 2024-03-14 16:21:25.925140
last_update_m = 2024-03-14 16:43:44.435799
last_update_v = 2023-10-25 16:52:16.653504

