[DEFAULT]
interv_d = 604800
interv_h = 43200
interv_m = 14400
fctnmt = cloud

[UPDATES]
last_update_d = 2025-10-29 04:10:49.345522
last_update_h = 2025-10-29 04:21:45.744614
last_update_m = 2025-10-29 00:44:29.263683
last_update_v = 2023-10-25 16:52:16.653504

