[DEFAULT]
interv_d = 604800
interv_h = 43200
interv_m = 14400
fctnmt = cloud

[UPDATES]
last_update_d = 2025-08-09 00:11:07.286416
last_update_h = 2025-08-09 00:22:32.742833
last_update_m = 2025-08-09 00:45:19.665299
last_update_v = 2023-10-25 16:52:16.653504

