[DEFAULT]
interv_d = 604800
interv_h = 43200
interv_m = 14400
fctnmt = cloud

[UPDATES]
last_update_d = 2026-04-16 04:11:00.942768
last_update_h = 2026-04-16 04:22:11.235968
last_update_m = 2026-04-16 04:44:16.762870
last_update_v = 2023-10-25 16:52:16.653504

