[DEFAULT]
interv_d = 604800
interv_h = 43200
interv_m = 14400
fctnmt = cloud

[UPDATES]
last_update_d = 2025-03-04 04:10:38.092259
last_update_h = 2025-03-04 04:21:37.507775
last_update_m = 2025-03-04 00:44:14.683916
last_update_v = 2023-10-25 16:52:16.653504

