[DEFAULT]
interv_d = 604800
interv_h = 43200
interv_m = 14400
fctnmt = cloud

[UPDATES]
last_update_d = 2026-03-27 00:11:10.591819
last_update_h = 2026-03-27 00:22:37.936983
last_update_m = 2026-03-27 00:44:51.413551
last_update_v = 2023-10-25 16:52:16.653504

