[DEFAULT]
interv_d = 604800
interv_h = 43200
interv_m = 14400
fctnmt = cloud

[UPDATES]
last_update_d = 2024-08-20 12:10:46.149346
last_update_h = 2024-08-20 12:22:02.527955
last_update_m = 2024-08-20 12:44:37.659069
last_update_v = 2023-10-25 16:52:16.653504

