[DEFAULT]
interv_d = 604800
interv_h = 43200
interv_m = 14400
fctnmt = cloud

[UPDATES]
last_update_d = 2025-04-13 16:10:50.304497
last_update_h = 2025-04-13 16:22:00.279722
last_update_m = 2025-04-13 12:44:10.403714
last_update_v = 2023-10-25 16:52:16.653504

