[DEFAULT]
interv_d = 604800
interv_h = 43200
interv_m = 14400
fctnmt = cloud

[UPDATES]
last_update_d = 2026-05-09 20:10:56.733530
last_update_h = 2026-05-09 20:22:03.772296
last_update_m = 2026-05-09 16:44:24.849446
last_update_v = 2023-10-25 16:52:16.653504

