[DEFAULT]
interv_d = 604800
interv_h = 43200
interv_m = 14400
fctnmt = cloud

[UPDATES]
last_update_d = 2026-01-27 08:11:03.186382
last_update_h = 2026-01-27 08:22:30.079975
last_update_m = 2026-01-27 04:44:01.283435
last_update_v = 2023-10-25 16:52:16.653504

