[DEFAULT]
interv_d = 604800
interv_h = 43200
interv_m = 14400
fctnmt = cloud

[UPDATES]
last_update_d = 2026-05-21 16:10:57.170634
last_update_h = 2026-05-21 16:21:57.426771
last_update_m = 2026-05-21 16:44:08.843489
last_update_v = 2023-10-25 16:52:16.653504

