[DEFAULT]
interv_d = 604800
interv_h = 43200
interv_m = 14400
fctnmt = cloud

[UPDATES]
last_update_d = 2026-04-08 16:10:55.123736
last_update_h = 2026-04-08 16:21:56.060450
last_update_m = 2026-04-08 16:43:48.929191
last_update_v = 2023-10-25 16:52:16.653504

