[DEFAULT]
interv_d = 604800
interv_h = 43200
interv_m = 14400
fctnmt = cloud

[UPDATES]
last_update_d = 2026-04-23 08:10:57.914283
last_update_h = 2026-04-23 08:21:52.834236
last_update_m = 2026-04-23 04:43:43.145121
last_update_v = 2023-10-25 16:52:16.653504

