[DEFAULT]
interv_d = 604800
interv_h = 43200
interv_m = 14400
fctnmt = cloud

[UPDATES]
last_update_d = 2024-12-02 20:10:37.257394
last_update_h = 2024-12-02 20:21:36.272166
last_update_m = 2024-12-02 20:43:40.078209
last_update_v = 2023-10-25 16:52:16.653504

