[DEFAULT]
interv_d = 604800
interv_h = 43200
interv_m = 14400
fctnmt = cloud

[UPDATES]
last_update_d = 2024-11-12 08:10:01.946338
last_update_h = 2024-11-12 08:20:21.845766
last_update_m = 2024-11-12 08:41:11.378686
last_update_v = 2023-10-25 16:52:16.653504

