[DEFAULT]
interv_d = 604800
interv_h = 43200
interv_m = 14400
fctnmt = cloud

[UPDATES]
last_update_d = 2025-10-08 16:10:59.631026
last_update_h = 2025-10-08 16:22:08.463448
last_update_m = 2025-10-08 16:44:37.867515
last_update_v = 2023-10-25 16:52:16.653504

