[DEFAULT]
interv_d = 604800
interv_h = 43200
interv_m = 14400
fctnmt = cloud

[UPDATES]
last_update_d = 2025-06-23 04:12:12.463750
last_update_h = 2025-06-23 04:24:24.281132
last_update_m = 2025-06-23 00:50:16.753311
last_update_v = 2023-10-25 16:52:16.653504

