[DEFAULT]
interv_d = 604800
interv_h = 43200
interv_m = 14400
fctnmt = cloud

[UPDATES]
last_update_d = 2025-09-14 08:10:42.581350
last_update_h = 2025-09-14 08:21:27.073928
last_update_m = 2025-09-14 04:43:04.044112
last_update_v = 2023-10-25 16:52:16.653504

