[DEFAULT]
interv_d = 604800
interv_h = 43200
interv_m = 14400
fctnmt = cloud

[UPDATES]
last_update_d = 2025-04-30 20:10:52.596884
last_update_h = 2025-04-30 20:21:59.372674
last_update_m = 2025-04-30 20:44:22.806661
last_update_v = 2023-10-25 16:52:16.653504

