[DEFAULT]
interv_d = 604800
interv_h = 43200
interv_m = 14400
fctnmt = cloud

[UPDATES]
last_update_d = 2024-09-16 12:10:18.245239
last_update_h = 2024-09-16 12:21:15.366028
last_update_m = 2024-09-16 12:42:52.957596
last_update_v = 2023-10-25 16:52:16.653504

