[DEFAULT]
interv_d = 604800
interv_h = 43200
interv_m = 14400
fctnmt = cloud

[UPDATES]
last_update_d = 2024-09-22 16:10:20.574737
last_update_h = 2024-09-22 16:21:19.075023
last_update_m = 2024-09-22 16:43:12.968133
last_update_v = 2023-10-25 16:52:16.653504

