[DEFAULT]
interv_d = 604800
interv_h = 43200
interv_m = 14400
fctnmt = cloud

[UPDATES]
last_update_d = 2025-10-11 20:10:52.676594
last_update_h = 2025-10-11 20:21:56.281976
last_update_m = 2025-10-11 20:44:01.760393
last_update_v = 2023-10-25 16:52:16.653504

