[DEFAULT]
interv_d = 604800
interv_h = 43200
interv_m = 14400
fctnmt = cloud

[UPDATES]
last_update_d = 2024-03-30 00:10:31.442709
last_update_h = 2024-03-30 00:21:57.654451
last_update_m = 2024-03-29 20:44:16.132326
last_update_v = 2023-10-25 16:52:16.653504

