[DEFAULT]
interv_d = 604800
interv_h = 43200
interv_m = 14400
fctnmt = cloud

[UPDATES]
last_update_d = 2024-12-06 00:10:44.826258
last_update_h = 2024-12-06 00:22:06.888650
last_update_m = 2024-12-05 20:44:07.693357
last_update_v = 2023-10-25 16:52:16.653504

