[DEFAULT]
interv_d = 604800
interv_h = 43200
interv_m = 14400
fctnmt = cloud

[UPDATES]
last_update_d = 2025-12-20 16:11:01.245194
last_update_h = 2025-12-20 16:22:21.550756
last_update_m = 2025-12-20 12:44:27.829438
last_update_v = 2023-10-25 16:52:16.653504

