[DEFAULT]
interv_d = 604800
interv_h = 43200
interv_m = 14400
fctnmt = cloud

[UPDATES]
last_update_d = 2024-03-19 00:10:18.030282
last_update_h = 2024-03-19 00:21:43.769111
last_update_m = 2024-03-18 20:43:46.556748
last_update_v = 2023-10-25 16:52:16.653504

