[DEFAULT]
interv_d = 604800
interv_h = 43200
interv_m = 14400
fctnmt = cloud

[UPDATES]
last_update_d = 2026-05-08 00:10:57.556552
last_update_h = 2026-05-08 00:22:15.945438
last_update_m = 2026-05-08 00:44:10.656873
last_update_v = 2023-10-25 16:52:16.653504

