[DEFAULT]
interv_d = 604800
interv_h = 43200
interv_m = 14400
fctnmt = cloud

[UPDATES]
last_update_d = 2026-02-18 12:10:55.391723
last_update_h = 2026-02-18 12:21:58.561786
last_update_m = 2026-02-18 08:43:50.239195
last_update_v = 2023-10-25 16:52:16.653504

