[DEFAULT]
interv_d = 604800
interv_h = 43200
interv_m = 14400
fctnmt = cloud

[UPDATES]
last_update_d = 2026-06-20 00:10:48.614016
last_update_h = 2026-06-20 00:22:12.362051
last_update_m = 2026-06-19 20:43:36.964983
last_update_v = 2023-10-25 16:52:16.653504

