[DEFAULT]
interv_d = 604800
interv_h = 43200
interv_m = 14400
fctnmt = cloud

[UPDATES]
last_update_d = 2025-01-23 04:10:35.589576
last_update_h = 2025-01-23 04:21:32.109783
last_update_m = 2025-01-23 00:43:40.692239
last_update_v = 2023-10-25 16:52:16.653504

