[DEFAULT]
interv_d = 604800
interv_h = 43200
interv_m = 14400
fctnmt = cloud

[UPDATES]
last_update_d = 2025-11-24 12:11:06.157403
last_update_h = 2025-11-24 12:22:14.848974
last_update_m = 2025-11-24 12:44:36.358580
last_update_v = 2023-10-25 16:52:16.653504

