[DEFAULT]
interv_d = 604800
interv_h = 43200
interv_m = 14400
fctnmt = cloud

[UPDATES]
last_update_d = 2025-01-09 12:10:41.207214
last_update_h = 2025-01-09 12:21:38.194017
last_update_m = 2025-01-09 12:43:51.389718
last_update_v = 2023-10-25 16:52:16.653504

