[DEFAULT]
interv_d = 604800
interv_h = 43200
interv_m = 14400
fctnmt = cloud

[UPDATES]
last_update_d = 2026-04-02 04:10:53.367173
last_update_h = 2026-04-02 04:21:50.639995
last_update_m = 2026-04-02 00:44:21.951199
last_update_v = 2023-10-25 16:52:16.653504

