[DEFAULT]
interv_d = 604800
interv_h = 43200
interv_m = 14400
fctnmt = cloud

[UPDATES]
last_update_d = 2024-10-10 12:10:01.961954
last_update_h = 2024-10-10 12:20:23.855748
last_update_m = 2024-10-10 12:41:05.049941
last_update_v = 2023-10-25 16:52:16.653504

