[DEFAULT]
interv_d = 604800
interv_h = 43200
interv_m = 14400
fctnmt = cloud

[UPDATES]
last_update_d = 2024-07-16 04:10:12.996659
last_update_h = 2024-07-16 04:20:54.699963
last_update_m = 2024-07-16 04:42:36.077641
last_update_v = 2023-10-25 16:52:16.653504

