[DEFAULT]
interv_d = 604800
interv_h = 43200
interv_m = 14400
fctnmt = cloud

[UPDATES]
last_update_d = 2024-01-10 04:09:23.461969
last_update_h = 2024-01-10 04:19:43.256996
last_update_m = 2024-01-10 04:40:19.745531
last_update_v = 2023-10-25 16:52:16.653504

