[DEFAULT]
interv_d = 604800
interv_h = 43200
interv_m = 14400
fctnmt = cloud

[UPDATES]
last_update_d = 2025-03-04 16:10:50.482495
last_update_h = 2025-03-04 16:21:59.605256
last_update_m = 2025-03-04 16:44:12.162760
last_update_v = 2023-10-25 16:52:16.653504

