[DEFAULT]
interv_d = 604800
interv_h = 43200
interv_m = 14400
fctnmt = cloud

[UPDATES]
last_update_d = 2025-08-31 12:11:00.255169
last_update_h = 2025-08-31 12:22:15.574793
last_update_m = 2025-08-31 12:44:30.548013
last_update_v = 2023-10-25 16:52:16.653504

