[DEFAULT]
interv_d = 604800
interv_h = 43200
interv_m = 14400
fctnmt = cloud

[UPDATES]
last_update_d = 2024-02-07 04:09:41.116036
last_update_h = 2024-02-07 04:20:17.926876
last_update_m = 2024-02-07 04:41:30.419715
last_update_v = 2023-10-25 16:52:16.653504

