[DEFAULT]
interv_d = 604800
interv_h = 43200
interv_m = 14400
fctnmt = cloud

[UPDATES]
last_update_d = 2024-01-13 12:09:27.662725
last_update_h = 2024-01-13 12:20:01.539960
last_update_m = 2024-01-13 08:41:00.145852
last_update_v = 2023-10-25 16:52:16.653504

