[DEFAULT]
interv_d = 604800
interv_h = 43200
interv_m = 14400
fctnmt = cloud

[UPDATES]
last_update_d = 2024-09-07 04:10:29.582145
last_update_h = 2024-09-07 04:21:31.412378
last_update_m = 2024-09-07 00:43:25.347705
last_update_v = 2023-10-25 16:52:16.653504

