[DEFAULT]
interv_d = 604800
interv_h = 43200
interv_m = 14400
fctnmt = cloud

[UPDATES]
last_update_d = 2026-06-16 08:10:55.834477
last_update_h = 2026-06-16 08:21:51.627946
last_update_m = 2026-06-16 04:44:08.142427
last_update_v = 2023-10-25 16:52:16.653504

