[DEFAULT]
interv_d = 604800
interv_h = 43200
interv_m = 14400
fctnmt = cloud

[UPDATES]
last_update_d = 2026-03-23 08:10:58.969151
last_update_h = 2026-03-23 08:22:08.349956
last_update_m = 2026-03-23 04:44:31.767452
last_update_v = 2023-10-25 16:52:16.653504

