[DEFAULT]
interv_d = 604800
interv_h = 43200
interv_m = 14400
fctnmt = cloud

[UPDATES]
last_update_d = 2024-10-02 08:10:09.198248
last_update_h = 2024-10-02 08:20:45.396023
last_update_m = 2024-10-02 08:41:39.480818
last_update_v = 2023-10-25 16:52:16.653504

