[DEFAULT]
interv_d = 604800
interv_h = 43200
interv_m = 14400
fctnmt = cloud

[UPDATES]
last_update_d = 2026-04-08 12:11:09.741285
last_update_h = 2026-04-08 12:22:08.231305
last_update_m = 2026-04-08 12:44:03.550355
last_update_v = 2023-10-25 16:52:16.653504

