[DEFAULT]
interv_d = 604800
interv_h = 43200
interv_m = 14400
fctnmt = cloud

[UPDATES]
last_update_d = 2024-07-28 00:10:14.552750
last_update_h = 2024-07-28 00:21:01.258373
last_update_m = 2024-07-27 20:42:27.844179
last_update_v = 2023-10-25 16:52:16.653504

