[DEFAULT]
interv_d = 604800
interv_h = 43200
interv_m = 14400
fctnmt = cloud

[UPDATES]
last_update_d = 2026-06-12 04:10:58.064609
last_update_h = 2026-06-12 04:21:58.750873
last_update_m = 2026-06-12 04:43:59.341350
last_update_v = 2023-10-25 16:52:16.653504

