[DEFAULT]
interv_d = 604800
interv_h = 43200
interv_m = 14400
fctnmt = cloud

[UPDATES]
last_update_d = 2025-12-17 08:10:55.064331
last_update_h = 2025-12-17 08:22:07.966028
last_update_m = 2025-12-17 08:44:25.758922
last_update_v = 2023-10-25 16:52:16.653504

