[DEFAULT]
interv_d = 604800
interv_h = 43200
interv_m = 14400
fctnmt = cloud

[UPDATES]
last_update_d = 2026-01-10 00:10:58.638917
last_update_h = 2026-01-10 00:22:19.179077
last_update_m = 2026-01-09 20:43:51.563114
last_update_v = 2023-10-25 16:52:16.653504

