[DEFAULT]
interv_d = 604800
interv_h = 43200
interv_m = 14400
fctnmt = cloud

[UPDATES]
last_update_d = 2025-12-02 16:11:07.352707
last_update_h = 2025-12-02 16:22:15.133525
last_update_m = 2025-12-02 12:44:35.368587
last_update_v = 2023-10-25 16:52:16.653504

