[DEFAULT]
interv_d = 604800
interv_h = 43200
interv_m = 14400
fctnmt = cloud

[UPDATES]
last_update_d = 2026-04-06 12:11:02.557421
last_update_h = 2026-04-06 12:22:07.951663
last_update_m = 2026-04-06 12:44:24.719492
last_update_v = 2023-10-25 16:52:16.653504

