[DEFAULT]
interv_d = 604800
interv_h = 43200
interv_m = 14400
fctnmt = cloud

[UPDATES]
last_update_d = 2024-12-17 20:10:35.275262
last_update_h = 2024-12-17 20:21:35.664796
last_update_m = 2024-12-17 16:43:51.975486
last_update_v = 2023-10-25 16:52:16.653504

