[DEFAULT]
interv_d = 604800
interv_h = 43200
interv_m = 14400
fctnmt = cloud

[UPDATES]
last_update_d = 2025-07-26 12:10:38.348896
last_update_h = 2025-07-26 12:21:26.643903
last_update_m = 2025-07-26 12:43:20.150112
last_update_v = 2023-10-25 16:52:16.653504

