[DEFAULT]
interv_d = 604800
interv_h = 43200
interv_m = 14400
fctnmt = cloud

[UPDATES]
last_update_d = 2025-08-13 04:10:51.476045
last_update_h = 2025-08-13 04:22:03.743645
last_update_m = 2025-08-13 00:44:40.063290
last_update_v = 2023-10-25 16:52:16.653504

