[DEFAULT]
interv_d = 604800
interv_h = 43200
interv_m = 14400
fctnmt = cloud

[UPDATES]
last_update_d = 2026-06-13 20:10:56.328622
last_update_h = 2026-06-13 20:21:49.866734
last_update_m = 2026-06-13 16:43:52.046108
last_update_v = 2023-10-25 16:52:16.653504

