[DEFAULT]
interv_d = 604800
interv_h = 43200
interv_m = 14400
fctnmt = cloud

[UPDATES]
last_update_d = 2025-09-29 12:10:53.664363
last_update_h = 2025-09-29 12:21:55.772299
last_update_m = 2025-09-29 12:44:00.250116
last_update_v = 2023-10-25 16:52:16.653504

