[DEFAULT]
interv_d = 604800
interv_h = 43200
interv_m = 14400
fctnmt = cloud

[UPDATES]
last_update_d = 2025-09-07 12:10:57.644365
last_update_h = 2025-09-07 12:21:59.466395
last_update_m = 2025-09-07 08:43:57.345046
last_update_v = 2023-10-25 16:52:16.653504

