[DEFAULT]
interv_d = 604800
interv_h = 43200
interv_m = 14400
fctnmt = cloud

[UPDATES]
last_update_d = 2025-03-01 16:10:39.786473
last_update_h = 2025-03-01 16:21:38.204531
last_update_m = 2025-03-01 16:43:37.101748
last_update_v = 2023-10-25 16:52:16.653504

