[DEFAULT]
interv_d = 604800
interv_h = 43200
interv_m = 14400
fctnmt = cloud

[UPDATES]
last_update_d = 2026-03-24 20:11:04.731889
last_update_h = 2026-03-24 20:22:14.359864
last_update_m = 2026-03-24 20:44:21.235824
last_update_v = 2023-10-25 16:52:16.653504

