[DEFAULT]
interv_d = 604800
interv_h = 43200
interv_m = 14400
fctnmt = cloud

[UPDATES]
last_update_d = 2026-03-05 08:10:47.230731
last_update_h = 2026-03-05 08:21:36.125078
last_update_m = 2026-03-05 04:43:36.346123
last_update_v = 2023-10-25 16:52:16.653504

