[DEFAULT]
interv_d = 604800
interv_h = 43200
interv_m = 14400
fctnmt = cloud

[UPDATES]
last_update_d = 2024-07-14 00:10:30.050173
last_update_h = 2024-07-14 00:22:00.996767
last_update_m = 2024-07-13 20:43:45.386498
last_update_v = 2023-10-25 16:52:16.653504

