[DEFAULT]
interv_d = 604800
interv_h = 43200
interv_m = 14400
fctnmt = cloud

[UPDATES]
last_update_d = 2025-09-16 00:10:43.375722
last_update_h = 2025-09-16 00:21:56.149784
last_update_m = 2025-09-16 00:43:48.776231
last_update_v = 2023-10-25 16:52:16.653504

