[DEFAULT]
interv_d = 604800
interv_h = 43200
interv_m = 14400
fctnmt = cloud

[UPDATES]
last_update_d = 2025-10-24 12:11:24.738098
last_update_h = 2025-10-24 12:22:16.145830
last_update_m = 2025-10-24 08:43:48.446534
last_update_v = 2023-10-25 16:52:16.653504

