[DEFAULT]
interv_d = 604800
interv_h = 43200
interv_m = 14400
fctnmt = cloud

[UPDATES]
last_update_d = 2024-10-06 16:10:07.069368
last_update_h = 2024-10-06 16:20:36.657808
last_update_m = 2024-10-06 12:41:25.759177
last_update_v = 2023-10-25 16:52:16.653504

