[DEFAULT]
interv_d = 604800
interv_h = 43200
interv_m = 14400
fctnmt = cloud

[UPDATES]
last_update_d = 2024-05-14 16:10:23.928440
last_update_h = 2024-05-14 16:21:31.707893
last_update_m = 2024-05-14 12:43:57.122978
last_update_v = 2023-10-25 16:52:16.653504

