[DEFAULT]
interv_d = 604800
interv_h = 43200
interv_m = 14400
fctnmt = cloud

[UPDATES]
last_update_d = 2025-01-04 00:10:41.379966
last_update_h = 2025-01-04 00:21:59.174217
last_update_m = 2025-01-03 20:43:56.261211
last_update_v = 2023-10-25 16:52:16.653504

