[DEFAULT]
interv_d = 604800
interv_h = 43200
interv_m = 14400
fctnmt = cloud

[UPDATES]
last_update_d = 2024-11-05 20:09:59.475472
last_update_h = 2024-11-05 20:20:17.965103
last_update_m = 2024-11-05 16:40:51.286243
last_update_v = 2023-10-25 16:52:16.653504

