[DEFAULT]
interv_d = 604800
interv_h = 43200
interv_m = 14400
fctnmt = cloud

[UPDATES]
last_update_d = 2025-05-11 04:10:57.427258
last_update_h = 2025-05-11 04:21:55.682432
last_update_m = 2025-05-11 04:43:58.466067
last_update_v = 2023-10-25 16:52:16.653504

