[DEFAULT]
interv_d = 604800
interv_h = 43200
interv_m = 14400
fctnmt = cloud

[UPDATES]
last_update_d = 2024-02-20 20:10:00.739900
last_update_h = 2024-02-20 20:20:53.617858
last_update_m = 2024-02-20 16:42:12.255455
last_update_v = 2023-10-25 16:52:16.653504

