[DEFAULT]
interv_d = 604800
interv_h = 43200
interv_m = 14400
fctnmt = cloud

[UPDATES]
last_update_d = 2026-02-02 08:11:01.175597
last_update_h = 2026-02-02 08:22:04.144983
last_update_m = 2026-02-02 08:44:10.562553
last_update_v = 2023-10-25 16:52:16.653504

