[DEFAULT]
interv_d = 604800
interv_h = 43200
interv_m = 14400
fctnmt = cloud

[UPDATES]
last_update_d = 2025-12-29 20:11:02.571989
last_update_h = 2025-12-29 20:22:22.875054
last_update_m = 2025-12-29 20:44:43.855291
last_update_v = 2023-10-25 16:52:16.653504

