[DEFAULT]
interv_d = 604800
interv_h = 43200
interv_m = 14400
fctnmt = cloud

[UPDATES]
last_update_d = 2024-01-02 12:11:28.147304
last_update_h = 2024-01-02 12:24:32.234241
last_update_m = 2024-01-02 12:49:41.847658
last_update_v = 2023-10-25 16:52:16.653504

