[DEFAULT]
interv_d = 604800
interv_h = 43200
interv_m = 14400
fctnmt = cloud

[UPDATES]
last_update_d = 2026-02-16 16:10:54.743419
last_update_h = 2026-02-16 16:22:04.678392
last_update_m = 2026-02-16 16:44:32.129558
last_update_v = 2023-10-25 16:52:16.653504

