[DEFAULT]
interv_d = 604800
interv_h = 43200
interv_m = 14400
fctnmt = cloud

[UPDATES]
last_update_d = 2026-02-20 20:10:57.849768
last_update_h = 2026-02-20 20:22:07.278885
last_update_m = 2026-02-20 16:44:15.430889
last_update_v = 2023-10-25 16:52:16.653504

