[DEFAULT]
interv_d = 604800
interv_h = 43200
interv_m = 14400
fctnmt = cloud

[UPDATES]
last_update_d = 2024-08-07 16:10:37.938241
last_update_h = 2024-08-07 16:21:56.360852
last_update_m = 2024-08-07 12:44:50.737854
last_update_v = 2023-10-25 16:52:16.653504

