[DEFAULT]
interv_d = 604800
interv_h = 43200
interv_m = 14400
fctnmt = cloud

[UPDATES]
last_update_d = 2024-01-03 00:09:19.049327
last_update_h = 2024-01-03 00:19:26.031332
last_update_m = 2024-01-03 00:39:50.354172
last_update_v = 2023-10-25 16:52:16.653504

