[DEFAULT]
interv_d = 604800
interv_h = 43200
interv_m = 14400
fctnmt = cloud

[UPDATES]
last_update_d = 2024-02-12 20:09:48.434102
last_update_h = 2024-02-12 20:20:33.963325
last_update_m = 2024-02-12 20:42:21.769560
last_update_v = 2023-10-25 16:52:16.653504

