[DEFAULT]
interv_d = 604800
interv_h = 43200
interv_m = 14400
fctnmt = cloud

[UPDATES]
last_update_d = 2024-07-02 12:10:29.062268
last_update_h = 2024-07-02 12:21:24.865720
last_update_m = 2024-07-02 08:43:29.205135
last_update_v = 2023-10-25 16:52:16.653504

