[DEFAULT]
interv_d = 604800
interv_h = 43200
interv_m = 14400
fctnmt = cloud

[UPDATES]
last_update_d = 2025-11-17 16:11:06.163602
last_update_h = 2025-11-17 16:22:15.266964
last_update_m = 2025-11-17 12:45:03.229696
last_update_v = 2023-10-25 16:52:16.653504

