[DEFAULT]
interv_d = 604800
interv_h = 43200
interv_m = 14400
fctnmt = cloud

[UPDATES]
last_update_d = 2024-08-01 12:10:29.353163
last_update_h = 2024-08-01 12:21:45.138035
last_update_m = 2024-08-01 08:43:56.446687
last_update_v = 2023-10-25 16:52:16.653504

