[DEFAULT]
interv_d = 604800
interv_h = 43200
interv_m = 14400
fctnmt = cloud

[UPDATES]
last_update_d = 2024-02-27 04:09:56.265424
last_update_h = 2024-02-27 04:20:36.863175
last_update_m = 2024-02-27 00:42:41.844651
last_update_v = 2023-10-25 16:52:16.653504

