[DEFAULT]
interv_d = 604800
interv_h = 43200
interv_m = 14400
fctnmt = cloud

[UPDATES]
last_update_d = 2024-03-19 12:10:48.343655
last_update_h = 2024-03-19 12:22:17.038400
last_update_m = 2024-03-19 12:45:09.038809
last_update_v = 2023-10-25 16:52:16.653504

