[DEFAULT]
interv_d = 604800
interv_h = 43200
interv_m = 14400
fctnmt = cloud

[UPDATES]
last_update_d = 2025-10-20 16:10:49.256837
last_update_h = 2025-10-20 16:21:59.060334
last_update_m = 2025-10-20 12:43:59.372375
last_update_v = 2023-10-25 16:52:16.653504

