[DEFAULT]
interv_d = 604800
interv_h = 43200
interv_m = 14400
fctnmt = cloud

[UPDATES]
last_update_d = 2023-11-21 01:27:58.228067
last_update_h = 2023-11-22 09:28:34.728728
last_update_m = 2023-11-22 17:25:49.234639
last_update_v = 2023-11-21 20:37:06.435948

