[DEFAULT]
interv_d = 604800
interv_h = 43200
interv_m = 14400
fctnmt = cloud

[UPDATES]
last_update_d = 2025-06-15 12:12:11.429890
last_update_h = 2025-06-15 12:23:57.868311
last_update_m = 2025-06-15 08:47:40.465414
last_update_v = 2023-10-25 16:52:16.653504

