[DEFAULT]
interv_d = 604800
interv_h = 43200
interv_m = 14400
fctnmt = cloud

[UPDATES]
last_update_d = 2024-01-11 08:09:28.024460
last_update_h = 2024-01-11 08:19:54.015171
last_update_m = 2024-01-11 08:40:55.926707
last_update_v = 2023-10-25 16:52:16.653504

