[DEFAULT]
interv_d = 604800
interv_h = 43200
interv_m = 14400
fctnmt = cloud

[UPDATES]
last_update_d = 2024-08-22 00:10:51.249350
last_update_h = 2024-08-22 00:22:28.250081
last_update_m = 2024-08-21 20:45:06.457687
last_update_v = 2023-10-25 16:52:16.653504

