[DEFAULT]
interv_d = 604800
interv_h = 43200
interv_m = 14400
fctnmt = cloud

[UPDATES]
last_update_d = 2025-07-06 04:12:15.363491
last_update_h = 2025-07-06 04:24:49.735074
last_update_m = 2025-07-06 00:48:05.055657
last_update_v = 2023-10-25 16:52:16.653504

