[DEFAULT]
interv_d = 604800
interv_h = 43200
interv_m = 14400
fctnmt = cloud

[UPDATES]
last_update_d = 2024-08-09 04:10:38.537158
last_update_h = 2024-08-09 04:21:48.459849
last_update_m = 2024-08-09 04:44:50.447655
last_update_v = 2023-10-25 16:52:16.653504

