[DEFAULT]
interv_d = 604800
interv_h = 43200
interv_m = 14400
fctnmt = cloud

[UPDATES]
last_update_d = 2026-01-27 20:11:13.528298
last_update_h = 2026-01-27 20:22:26.952639
last_update_m = 2026-01-27 20:44:47.041839
last_update_v = 2023-10-25 16:52:16.653504

