[DEFAULT]
interv_d = 604800
interv_h = 43200
interv_m = 14400
fctnmt = cloud

[UPDATES]
last_update_d = 2025-08-30 20:10:54.154930
last_update_h = 2025-08-30 20:22:07.757705
last_update_m = 2025-08-30 16:44:33.867607
last_update_v = 2023-10-25 16:52:16.653504

