[DEFAULT]
interv_d = 604800
interv_h = 43200
interv_m = 14400
fctnmt = cloud

[UPDATES]
last_update_d = 2025-07-18 08:10:46.483666
last_update_h = 2025-07-18 08:21:46.479435
last_update_m = 2025-07-18 04:43:20.755441
last_update_v = 2023-10-25 16:52:16.653504

