[DEFAULT]
interv_d = 604800
interv_h = 43200
interv_m = 14400
fctnmt = cloud

[UPDATES]
last_update_d = 2025-01-28 00:10:52.907656
last_update_h = 2025-01-28 00:22:03.308436
last_update_m = 2025-01-28 00:44:02.293978
last_update_v = 2023-10-25 16:52:16.653504

