[DEFAULT]
interv_d = 604800
interv_h = 43200
interv_m = 14400
fctnmt = cloud

[UPDATES]
last_update_d = 2024-08-29 00:10:44.674473
last_update_h = 2024-08-29 00:22:09.857481
last_update_m = 2024-08-28 20:44:37.548029
last_update_v = 2023-10-25 16:52:16.653504

