[DEFAULT]
interv_d = 604800
interv_h = 43200
interv_m = 14400
fctnmt = cloud

[UPDATES]
last_update_d = 2024-06-28 16:10:25.778060
last_update_h = 2024-06-28 16:21:21.794207
last_update_m = 2024-06-28 16:43:15.677780
last_update_v = 2023-10-25 16:52:16.653504

