[DEFAULT]
interv_d = 604800
interv_h = 43200
interv_m = 14400
fctnmt = cloud

[UPDATES]
last_update_d = 2026-01-15 20:10:52.034217
last_update_h = 2026-01-15 20:21:49.143336
last_update_m = 2026-01-15 20:43:49.869416
last_update_v = 2023-10-25 16:52:16.653504

