[DEFAULT]
interv_d = 604800
interv_h = 43200
interv_m = 14400
fctnmt = cloud

[UPDATES]
last_update_d = 2024-03-31 20:10:14.970288
last_update_h = 2024-03-31 20:21:18.323582
last_update_m = 2024-03-31 20:43:42.337353
last_update_v = 2023-10-25 16:52:16.653504

