[DEFAULT]
interv_d = 604800
interv_h = 43200
interv_m = 14400
fctnmt = cloud

[UPDATES]
last_update_d = 2024-03-08 00:10:25.537439
last_update_h = 2024-03-08 00:21:42.081391
last_update_m = 2024-03-08 00:44:05.150599
last_update_v = 2023-10-25 16:52:16.653504

