[DEFAULT]
interv_d = 604800
interv_h = 43200
interv_m = 14400
fctnmt = cloud

[UPDATES]
last_update_d = 2025-08-19 04:10:50.150130
last_update_h = 2025-08-19 04:21:41.967879
last_update_m = 2025-08-19 00:44:09.487713
last_update_v = 2023-10-25 16:52:16.653504

