[DEFAULT]
interv_d = 604800
interv_h = 43200
interv_m = 14400
fctnmt = cloud

[UPDATES]
last_update_d = 2024-05-12 00:10:27.726424
last_update_h = 2024-05-12 00:21:55.087721
last_update_m = 2024-05-12 00:44:09.981239
last_update_v = 2023-10-25 16:52:16.653504

