[DEFAULT]
interv_d = 604800
interv_h = 43200
interv_m = 14400
fctnmt = cloud

[UPDATES]
last_update_d = 2024-04-15 16:10:23.342827
last_update_h = 2024-04-15 16:21:30.174010
last_update_m = 2024-04-15 16:43:46.146684
last_update_v = 2023-10-25 16:52:16.653504

