[DEFAULT]
interv_d = 604800
interv_h = 43200
interv_m = 14400
fctnmt = cloud

[UPDATES]
last_update_d = 2024-07-20 12:10:06.863922
last_update_h = 2024-07-20 12:20:49.552841
last_update_m = 2024-07-20 08:42:31.641487
last_update_v = 2023-10-25 16:52:16.653504

