[DEFAULT]
interv_d = 604800
interv_h = 43200
interv_m = 14400
fctnmt = cloud

[UPDATES]
last_update_d = 2025-07-07 20:10:54.370552
last_update_h = 2025-07-07 20:22:38.848249
last_update_m = 2025-07-07 16:47:55.060210
last_update_v = 2023-10-25 16:52:16.653504

