[DEFAULT]
interv_d = 604800
interv_h = 43200
interv_m = 14400
fctnmt = cloud

[UPDATES]
last_update_d = 2026-02-14 04:11:12.682014
last_update_h = 2026-02-14 04:22:26.539576
last_update_m = 2026-02-14 04:45:02.877612
last_update_v = 2023-10-25 16:52:16.653504

