[DEFAULT]
interv_d = 604800
interv_h = 43200
interv_m = 14400
fctnmt = cloud

[UPDATES]
last_update_d = 2025-07-02 00:12:27.475689
last_update_h = 2025-07-02 00:25:19.773910
last_update_m = 2025-07-02 00:50:52.439531
last_update_v = 2023-10-25 16:52:16.653504

