[DEFAULT]
interv_d = 604800
interv_h = 43200
interv_m = 14400
fctnmt = cloud

[UPDATES]
last_update_d = 2024-09-02 16:10:24.058288
last_update_h = 2024-09-02 16:21:08.799658
last_update_m = 2024-09-02 16:42:34.166987
last_update_v = 2023-10-25 16:52:16.653504

