[DEFAULT]
interv_d = 604800
interv_h = 43200
interv_m = 14400
fctnmt = cloud

[UPDATES]
last_update_d = 2025-06-23 20:10:53.352630
last_update_h = 2025-06-23 20:23:14.331169
last_update_m = 2025-06-23 16:49:32.863098
last_update_v = 2023-10-25 16:52:16.653504

