[DEFAULT]
interv_d = 604800
interv_h = 43200
interv_m = 14400
fctnmt = cloud

[UPDATES]
last_update_d = 2024-10-31 00:10:01.389176
last_update_h = 2024-10-31 00:20:26.844712
last_update_m = 2024-10-30 20:40:51.444836
last_update_v = 2023-10-25 16:52:16.653504

