[DEFAULT]
interv_d = 604800
interv_h = 43200
interv_m = 14400
fctnmt = cloud

[UPDATES]
last_update_d = 2025-07-01 00:11:16.051376
last_update_h = 2025-07-01 00:22:21.587173
last_update_m = 2025-06-30 20:43:30.854546
last_update_v = 2023-10-25 16:52:16.653504

