[DEFAULT]
interv_d = 604800
interv_h = 43200
interv_m = 14400
fctnmt = cloud

[UPDATES]
last_update_d = 2024-05-24 16:10:10.801000
last_update_h = 2024-05-24 16:21:16.916837
last_update_m = 2024-05-24 16:43:28.996945
last_update_v = 2023-10-25 16:52:16.653504

