[DEFAULT]
interv_d = 604800
interv_h = 43200
interv_m = 14400
fctnmt = cloud

[UPDATES]
last_update_d = 2026-07-21 12:11:03.915579
last_update_h = 2026-07-21 12:22:08.918159
last_update_m = 2026-07-21 08:44:01.521280
last_update_v = 2023-10-25 16:52:16.653504

