[DEFAULT]
interv_d = 604800
interv_h = 43200
interv_m = 14400
fctnmt = cloud

[UPDATES]
last_update_d = 2026-01-09 12:11:01.360301
last_update_h = 2026-01-09 12:21:59.163361
last_update_m = 2026-01-09 08:43:29.152220
last_update_v = 2023-10-25 16:52:16.653504

