[DEFAULT]
interv_d = 604800
interv_h = 43200
interv_m = 14400
fctnmt = cloud

[UPDATES]
last_update_d = 2026-05-02 20:10:56.779641
last_update_h = 2026-05-02 20:21:49.314334
last_update_m = 2026-05-02 20:43:34.229989
last_update_v = 2023-10-25 16:52:16.653504

