[DEFAULT]
interv_d = 604800
interv_h = 43200
interv_m = 14400
fctnmt = cloud

[UPDATES]
last_update_d = 2025-08-18 12:10:46.384859
last_update_h = 2025-08-18 12:21:50.975895
last_update_m = 2025-08-18 12:44:07.263312
last_update_v = 2023-10-25 16:52:16.653504

