[DEFAULT]
interv_d = 604800
interv_h = 43200
interv_m = 14400
fctnmt = cloud

[UPDATES]
last_update_d = 2023-11-13 20:44:47.436301
last_update_h = 2023-11-16 13:28:13.820251
last_update_m = 2023-11-16 14:56:15.834577
last_update_v = 2023-11-16 17:30:03.731784

