[DEFAULT]
interv_d = 604800
interv_h = 43200
interv_m = 14400
fctnmt = cloud

[UPDATES]
last_update_d = 2025-08-11 08:11:02.963423
last_update_h = 2025-08-11 08:22:11.364560
last_update_m = 2025-08-11 08:44:25.373101
last_update_v = 2023-10-25 16:52:16.653504

