[DEFAULT]
interv_d = 604800
interv_h = 43200
interv_m = 14400
fctnmt = cloud

[UPDATES]
last_update_d = 2023-12-30 20:09:24.430635
last_update_h = 2023-12-30 20:19:34.945053
last_update_m = 2023-12-30 16:40:34.244048
last_update_v = 2023-10-25 16:52:16.653504

