[DEFAULT]
interv_d = 604800
interv_h = 43200
interv_m = 14400
fctnmt = cloud

[UPDATES]
last_update_d = 2025-11-14 20:11:00.642572
last_update_h = 2025-11-14 20:22:17.245204
last_update_m = 2025-11-14 20:44:51.955358
last_update_v = 2023-10-25 16:52:16.653504

