[DEFAULT]
interv_d = 604800
interv_h = 43200
interv_m = 14400
fctnmt = cloud

[UPDATES]
last_update_d = 2025-06-18 00:12:10.856472
last_update_h = 2025-06-18 00:24:20.562876
last_update_m = 2025-06-18 00:47:57.985010
last_update_v = 2023-10-25 16:52:16.653504

