[DEFAULT]
interv_d = 604800
interv_h = 43200
interv_m = 14400
fctnmt = cloud

[UPDATES]
last_update_d = 2025-12-17 20:11:00.580458
last_update_h = 2025-12-17 20:22:04.068927
last_update_m = 2025-12-17 16:44:52.534187
last_update_v = 2023-10-25 16:52:16.653504

