[DEFAULT]
interv_d = 604800
interv_h = 43200
interv_m = 14400
fctnmt = cloud

[UPDATES]
last_update_d = 2024-10-25 12:10:04.595902
last_update_h = 2024-10-25 12:20:28.546692
last_update_m = 2024-10-25 12:41:27.664850
last_update_v = 2023-10-25 16:52:16.653504

