[DEFAULT]
interv_d = 604800
interv_h = 43200
interv_m = 14400
fctnmt = cloud

[UPDATES]
last_update_d = 2024-01-02 00:09:22.262443
last_update_h = 2024-01-02 00:19:33.231805
last_update_m = 2024-01-02 00:29:46.037824
last_update_v = 2023-10-25 16:52:16.653504

