[DEFAULT]
interv_d = 604800
interv_h = 43200
interv_m = 14400
fctnmt = cloud

[UPDATES]
last_update_d = 2025-06-20 08:11:25.451077
last_update_h = 2025-06-20 08:22:23.289166
last_update_m = 2025-06-20 04:49:17.784250
last_update_v = 2023-10-25 16:52:16.653504

