[DEFAULT]
interv_d = 604800
interv_h = 43200
interv_m = 14400
fctnmt = cloud

[UPDATES]
last_update_d = 2024-07-12 12:10:23.768882
last_update_h = 2024-07-12 12:21:20.196294
last_update_m = 2024-07-12 12:43:07.777211
last_update_v = 2023-10-25 16:52:16.653504

