[DEFAULT]
interv_d = 604800
interv_h = 43200
interv_m = 14400
fctnmt = cloud

[UPDATES]
last_update_d = 2025-06-20 12:12:08.570167
last_update_h = 2025-06-20 12:24:45.284263
last_update_m = 2025-06-20 08:44:13.681959
last_update_v = 2023-10-25 16:52:16.653504

