[DEFAULT]
interv_d = 604800
interv_h = 43200
interv_m = 14400
fctnmt = cloud

[UPDATES]
last_update_d = 2026-02-28 12:10:55.142239
last_update_h = 2026-02-28 12:21:53.653011
last_update_m = 2026-02-28 04:44:00.680527
last_update_v = 2023-10-25 16:52:16.653504

