[DEFAULT]
interv_d = 604800
interv_h = 43200
interv_m = 14400
fctnmt = cloud

[UPDATES]
last_update_d = 2024-01-19 08:09:39.617713
last_update_h = 2024-01-19 08:20:21.942110
last_update_m = 2024-01-19 04:41:11.638800
last_update_v = 2023-10-25 16:52:16.653504

