[DEFAULT]
interv_d = 604800
interv_h = 43200
interv_m = 14400
fctnmt = cloud

[UPDATES]
last_update_d = 2024-09-06 00:10:23.389468
last_update_h = 2024-09-06 00:21:33.908355
last_update_m = 2024-09-06 00:43:06.483946
last_update_v = 2023-10-25 16:52:16.653504

