[DEFAULT]
interv_d = 604800
interv_h = 43200
interv_m = 14400
fctnmt = cloud

[UPDATES]
last_update_d = 2025-08-19 00:10:49.051553
last_update_h = 2025-08-19 00:22:07.483282
last_update_m = 2025-08-18 20:44:22.254252
last_update_v = 2023-10-25 16:52:16.653504

