[DEFAULT]
interv_d = 604800
interv_h = 43200
interv_m = 14400
fctnmt = cloud

[UPDATES]
last_update_d = 2025-06-25 08:12:49.449513
last_update_h = 2025-06-25 08:25:26.457814
last_update_m = 2025-06-25 08:49:37.582010
last_update_v = 2023-10-25 16:52:16.653504

