[DEFAULT]
interv_d = 604800
interv_h = 43200
interv_m = 14400
fctnmt = cloud

[UPDATES]
last_update_d = 2025-07-20 08:10:40.460513
last_update_h = 2025-07-20 08:21:30.829152
last_update_m = 2025-07-20 08:43:19.463838
last_update_v = 2023-10-25 16:52:16.653504

