[DEFAULT]
interv_d = 604800
interv_h = 43200
interv_m = 14400
fctnmt = cloud

[UPDATES]
last_update_d = 2025-03-21 16:10:52.658183
last_update_h = 2025-03-21 16:22:02.975360
last_update_m = 2025-03-21 12:44:38.671889
last_update_v = 2023-10-25 16:52:16.653504

