[DEFAULT]
interv_d = 604800
interv_h = 43200
interv_m = 14400
fctnmt = cloud

[UPDATES]
last_update_d = 2024-03-27 08:10:14.165331
last_update_h = 2024-03-27 08:21:21.558681
last_update_m = 2024-03-27 04:43:42.168907
last_update_v = 2023-10-25 16:52:16.653504

