[DEFAULT]
interv_d = 604800
interv_h = 43200
interv_m = 14400
fctnmt = cloud

[UPDATES]
last_update_d = 2024-06-09 12:10:33.431653
last_update_h = 2024-06-09 12:21:50.489287
last_update_m = 2024-06-09 08:44:21.027513
last_update_v = 2023-10-25 16:52:16.653504

