[DEFAULT]
interv_d = 604800
interv_h = 43200
interv_m = 14400
fctnmt = cloud

[UPDATES]
last_update_d = 2026-07-17 04:11:03.555695
last_update_h = 2026-07-17 04:22:11.063888
last_update_m = 2026-07-17 04:44:42.649969
last_update_v = 2023-10-25 16:52:16.653504

