[DEFAULT]
interv_d = 604800
interv_h = 43200
interv_m = 14400
fctnmt = cloud

[UPDATES]
last_update_d = 2024-03-27 00:10:15.952999
last_update_h = 2024-03-27 00:21:30.537757
last_update_m = 2024-03-26 20:43:27.840513
last_update_v = 2023-10-25 16:52:16.653504

