[DEFAULT]
interv_d = 604800
interv_h = 43200
interv_m = 14400
fctnmt = cloud

[UPDATES]
last_update_d = 2025-03-20 20:10:58.120612
last_update_h = 2025-03-20 20:22:04.986979
last_update_m = 2025-03-20 16:45:07.775398
last_update_v = 2023-10-25 16:52:16.653504

