[DEFAULT]
interv_d = 604800
interv_h = 43200
interv_m = 14400
fctnmt = cloud

[UPDATES]
last_update_d = 2024-04-08 00:10:03.815923
last_update_h = 2024-04-08 00:21:12.260586
last_update_m = 2024-04-08 00:43:04.659921
last_update_v = 2023-10-25 16:52:16.653504

