[DEFAULT]
interv_d = 604800
interv_h = 43200
interv_m = 14400
fctnmt = cloud

[UPDATES]
last_update_d = 2025-06-11 00:11:10.120841
last_update_h = 2025-06-11 00:23:23.259412
last_update_m = 2025-06-11 00:47:16.740771
last_update_v = 2023-10-25 16:52:16.653504

