[DEFAULT]
interv_d = 604800
interv_h = 43200
interv_m = 14400
fctnmt = cloud

[UPDATES]
last_update_d = 2025-04-01 16:10:56.562403
last_update_h = 2025-04-01 16:22:06.487501
last_update_m = 2025-04-01 12:44:24.475630
last_update_v = 2023-10-25 16:52:16.653504

