[DEFAULT]
interv_d = 604800
interv_h = 43200
interv_m = 14400
fctnmt = cloud

[UPDATES]
last_update_d = 2025-12-08 16:10:55.257791
last_update_h = 2025-12-08 16:21:51.440682
last_update_m = 2025-12-08 16:43:45.529193
last_update_v = 2023-10-25 16:52:16.653504

