[DEFAULT]
interv_d = 604800
interv_h = 43200
interv_m = 14400
fctnmt = cloud

[UPDATES]
last_update_d = 2024-05-12 04:10:25.677689
last_update_h = 2024-05-12 04:21:41.717796
last_update_m = 2024-05-12 04:44:10.134152
last_update_v = 2023-10-25 16:52:16.653504

