[DEFAULT]
interv_d = 604800
interv_h = 43200
interv_m = 14400
fctnmt = cloud

[UPDATES]
last_update_d = 2026-01-21 20:11:25.976772
last_update_h = 2026-01-21 20:22:51.353062
last_update_m = 2026-01-21 16:44:31.145400
last_update_v = 2023-10-25 16:52:16.653504

