[DEFAULT]
interv_d = 604800
interv_h = 43200
interv_m = 14400
fctnmt = cloud

[UPDATES]
last_update_d = 2024-05-19 00:10:13.602988
last_update_h = 2024-05-19 00:21:24.193969
last_update_m = 2024-05-19 00:43:06.429039
last_update_v = 2023-10-25 16:52:16.653504

