[DEFAULT]
interv_d = 604800
interv_h = 43200
interv_m = 14400
fctnmt = cloud

[UPDATES]
last_update_d = 2024-07-12 00:10:18.483026
last_update_h = 2024-07-12 00:21:12.979757
last_update_m = 2024-07-11 20:43:09.091626
last_update_v = 2023-10-25 16:52:16.653504

