[DEFAULT]
interv_d = 604800
interv_h = 43200
interv_m = 14400
fctnmt = cloud

[UPDATES]
last_update_d = 2025-01-19 08:10:36.791843
last_update_h = 2025-01-19 08:21:36.956470
last_update_m = 2025-01-19 04:43:21.970548
last_update_v = 2023-10-25 16:52:16.653504

