[DEFAULT]
interv_d = 604800
interv_h = 43200
interv_m = 14400
fctnmt = cloud

[UPDATES]
last_update_d = 2025-06-23 00:12:20.735983
last_update_h = 2025-06-23 00:24:43.755090
last_update_m = 2025-06-22 20:48:34.061284
last_update_v = 2023-10-25 16:52:16.653504

