[DEFAULT]
interv_d = 604800
interv_h = 43200
interv_m = 14400
fctnmt = cloud

[UPDATES]
last_update_d = 2025-09-02 16:10:50.076983
last_update_h = 2025-09-02 16:21:57.846165
last_update_m = 2025-09-02 12:44:25.772962
last_update_v = 2023-10-25 16:52:16.653504

