[DEFAULT]
interv_d = 604800
interv_h = 43200
interv_m = 14400
fctnmt = cloud

[UPDATES]
last_update_d = 2024-11-15 12:10:00.076886
last_update_h = 2024-11-15 12:20:16.464877
last_update_m = 2024-11-15 08:40:57.988434
last_update_v = 2023-10-25 16:52:16.653504

