[DEFAULT]
interv_d = 604800
interv_h = 43200
interv_m = 14400
fctnmt = cloud

[UPDATES]
last_update_d = 2026-07-18 08:10:55.941865
last_update_h = 2026-07-18 08:21:57.352609
last_update_m = 2026-07-18 04:43:55.917408
last_update_v = 2023-10-25 16:52:16.653504

