[DEFAULT]
interv_d = 604800
interv_h = 43200
interv_m = 14400
fctnmt = cloud

[UPDATES]
last_update_d = 2026-01-03 20:11:01.038422
last_update_h = 2026-01-03 20:22:07.828818
last_update_m = 2026-01-03 20:44:27.275376
last_update_v = 2023-10-25 16:52:16.653504

