[DEFAULT]
interv_d = 604800
interv_h = 43200
interv_m = 14400
fctnmt = cloud

[UPDATES]
last_update_d = 2024-05-08 12:10:18.755301
last_update_h = 2024-05-08 12:21:21.538190
last_update_m = 2024-05-08 12:43:26.054694
last_update_v = 2023-10-25 16:52:16.653504

