[DEFAULT]
interv_d = 604800
interv_h = 43200
interv_m = 14400
fctnmt = cloud

[UPDATES]
last_update_d = 2026-02-18 00:11:05.383054
last_update_h = 2026-02-18 00:22:28.344238
last_update_m = 2026-02-18 00:44:23.461808
last_update_v = 2023-10-25 16:52:16.653504

