[DEFAULT]
interv_d = 604800
interv_h = 43200
interv_m = 14400
fctnmt = cloud

[UPDATES]
last_update_d = 2025-02-19 00:10:55.480705
last_update_h = 2025-02-19 00:22:17.305782
last_update_m = 2025-02-19 00:44:48.370020
last_update_v = 2023-10-25 16:52:16.653504

