[DEFAULT]
interv_d = 604800
interv_h = 43200
interv_m = 14400
fctnmt = cloud

[UPDATES]
last_update_d = 2024-01-31 12:09:34.930340
last_update_h = 2024-01-31 12:20:15.717974
last_update_m = 2024-01-31 08:41:25.552403
last_update_v = 2023-10-25 16:52:16.653504

