[DEFAULT]
interv_d = 604800
interv_h = 43200
interv_m = 14400
fctnmt = cloud

[UPDATES]
last_update_d = 2026-03-18 20:11:07.641322
last_update_h = 2026-03-18 20:22:22.116828
last_update_m = 2026-03-18 20:44:35.626933
last_update_v = 2023-10-25 16:52:16.653504

