[DEFAULT]
interv_d = 604800
interv_h = 43200
interv_m = 14400
fctnmt = cloud

[UPDATES]
last_update_d = 2024-02-11 20:09:49.747871
last_update_h = 2024-02-11 20:20:40.938281
last_update_m = 2024-02-11 16:41:53.062217
last_update_v = 2023-10-25 16:52:16.653504

