[DEFAULT]
interv_d = 604800
interv_h = 43200
interv_m = 14400
fctnmt = cloud

[UPDATES]
last_update_d = 2025-07-11 12:10:35.230918
last_update_h = 2025-07-11 12:21:30.481256
last_update_m = 2025-07-11 08:42:51.871643
last_update_v = 2023-10-25 16:52:16.653504

