[DEFAULT]
interv_d = 604800
interv_h = 43200
interv_m = 14400
fctnmt = cloud

[UPDATES]
last_update_d = 2025-09-14 00:10:44.356585
last_update_h = 2025-09-14 00:21:58.278453
last_update_m = 2025-09-13 20:43:52.773799
last_update_v = 2023-10-25 16:52:16.653504

