[DEFAULT]
interv_d = 604800
interv_h = 43200
interv_m = 14400
fctnmt = cloud

[UPDATES]
last_update_d = 2023-10-24 15:18:15.934823
last_update_h = 2023-12-16 08:28:48.934972
last_update_m = 2023-12-20 12:20:22.934481
last_update_v = 2023-10-25 16:52:16.653504

