[DEFAULT]
interv_d = 604800
interv_h = 43200
interv_m = 14400
fctnmt = cloud

[UPDATES]
last_update_d = 2025-04-05 04:10:58.669803
last_update_h = 2025-04-05 04:22:10.307369
last_update_m = 2025-04-05 00:45:05.800629
last_update_v = 2023-10-25 16:52:16.653504

