[DEFAULT]
interv_d = 604800
interv_h = 43200
interv_m = 14400
fctnmt = cloud

[UPDATES]
last_update_d = 2025-04-12 16:10:44.697013
last_update_h = 2025-04-12 16:21:49.477598
last_update_m = 2025-04-12 16:43:48.689174
last_update_v = 2023-10-25 16:52:16.653504

