[DEFAULT]
interv_d = 604800
interv_h = 43200
interv_m = 14400
fctnmt = cloud

[UPDATES]
last_update_d = 2025-11-18 20:11:14.976701
last_update_h = 2025-11-18 20:22:25.836167
last_update_m = 2025-11-18 20:45:00.252087
last_update_v = 2023-10-25 16:52:16.653504

