[DEFAULT]
interv_d = 604800
interv_h = 43200
interv_m = 14400
fctnmt = cloud

[UPDATES]
last_update_d = 2025-12-26 20:11:01.557659
last_update_h = 2025-12-26 20:22:05.737456
last_update_m = 2025-12-26 16:44:45.727296
last_update_v = 2023-10-25 16:52:16.653504

