[DEFAULT]
interv_d = 604800
interv_h = 43200
interv_m = 14400
fctnmt = cloud

[UPDATES]
last_update_d = 2024-11-16 16:09:55.674866
last_update_h = 2024-11-16 16:20:25.690045
last_update_m = 2024-11-16 12:41:15.769677
last_update_v = 2023-10-25 16:52:16.653504

