[DEFAULT]
interv_d = 604800
interv_h = 43200
interv_m = 14400
fctnmt = cloud

[UPDATES]
last_update_d = 2025-11-10 00:11:04.775981
last_update_h = 2025-11-10 00:22:27.968748
last_update_m = 2025-11-10 00:44:50.352920
last_update_v = 2023-10-25 16:52:16.653504

