[DEFAULT]
interv_d = 604800
interv_h = 43200
interv_m = 14400
fctnmt = cloud

[UPDATES]
last_update_d = 2025-02-22 04:11:13.378922
last_update_h = 2025-02-22 04:22:38.972446
last_update_m = 2025-02-22 04:45:37.258542
last_update_v = 2023-10-25 16:52:16.653504

