[DEFAULT]
interv_d = 604800
interv_h = 43200
interv_m = 14400
fctnmt = cloud

[UPDATES]
last_update_d = 2026-02-09 08:11:01.663869
last_update_h = 2026-02-09 08:22:06.829156
last_update_m = 2026-02-09 04:44:21.955581
last_update_v = 2023-10-25 16:52:16.653504

