[DEFAULT]
interv_d = 604800
interv_h = 43200
interv_m = 14400
fctnmt = cloud

[UPDATES]
last_update_d = 2024-10-16 12:09:52.777277
last_update_h = 2024-10-16 12:20:18.971067
last_update_m = 2024-10-16 12:41:13.486960
last_update_v = 2023-10-25 16:52:16.653504

