[DEFAULT]
interv_d = 604800
interv_h = 43200
interv_m = 14400
fctnmt = cloud

[UPDATES]
last_update_d = 2025-04-02 20:10:50.283034
last_update_h = 2025-04-02 20:22:05.300004
last_update_m = 2025-04-02 16:44:47.167963
last_update_v = 2023-10-25 16:52:16.653504

