[DEFAULT]
interv_d = 604800
interv_h = 43200
interv_m = 14400
fctnmt = cloud

[UPDATES]
last_update_d = 2026-04-14 08:10:53.860707
last_update_h = 2026-04-14 08:22:03.325364
last_update_m = 2026-04-14 08:44:32.919120
last_update_v = 2023-10-25 16:52:16.653504

