[DEFAULT]
interv_d = 604800
interv_h = 43200
interv_m = 14400
fctnmt = cloud

[UPDATES]
last_update_d = 2024-05-02 08:10:07.815926
last_update_h = 2024-05-02 08:21:19.269652
last_update_m = 2024-05-02 08:43:19.469613
last_update_v = 2023-10-25 16:52:16.653504

