[DEFAULT]
interv_d = 604800
interv_h = 43200
interv_m = 14400
fctnmt = cloud

[UPDATES]
last_update_d = 2025-09-18 00:10:51.076962
last_update_h = 2025-09-18 00:22:02.677071
last_update_m = 2025-09-18 00:43:52.647960
last_update_v = 2023-10-25 16:52:16.653504

