[DEFAULT]
interv_d = 604800
interv_h = 43200
interv_m = 14400
fctnmt = cloud

[UPDATES]
last_update_d = 2025-11-22 12:10:59.464916
last_update_h = 2025-11-22 12:22:08.840268
last_update_m = 2025-11-22 12:44:43.075486
last_update_v = 2023-10-25 16:52:16.653504

