[DEFAULT]
interv_d = 604800
interv_h = 43200
interv_m = 14400
fctnmt = cloud

[UPDATES]
last_update_d = 2025-06-22 08:12:08.451564
last_update_h = 2025-06-22 08:24:40.830961
last_update_m = 2025-06-22 04:50:01.076314
last_update_v = 2023-10-25 16:52:16.653504

