[DEFAULT]
interv_d = 604800
interv_h = 43200
interv_m = 14400
fctnmt = cloud

[UPDATES]
last_update_d = 2025-08-11 16:10:48.187056
last_update_h = 2025-08-11 16:21:52.768038
last_update_m = 2025-08-11 16:43:58.949942
last_update_v = 2023-10-25 16:52:16.653504

