[DEFAULT]
interv_d = 604800
interv_h = 43200
interv_m = 14400
fctnmt = cloud

[UPDATES]
last_update_d = 2024-03-28 00:10:20.735477
last_update_h = 2024-03-28 00:21:28.417800
last_update_m = 2024-03-27 20:44:16.071858
last_update_v = 2023-10-25 16:52:16.653504

