[DEFAULT]
interv_d = 604800
interv_h = 43200
interv_m = 14400
fctnmt = cloud

[UPDATES]
last_update_d = 2025-01-01 04:10:47.183111
last_update_h = 2025-01-01 04:21:45.503680
last_update_m = 2025-01-01 04:43:52.076889
last_update_v = 2023-10-25 16:52:16.653504

