[DEFAULT]
interv_d = 604800
interv_h = 43200
interv_m = 14400
fctnmt = cloud

[UPDATES]
last_update_d = 2023-11-21 01:27:58.228067
last_update_h = 2023-11-27 17:28:17.532405
last_update_m = 2023-11-28 01:25:20.933395
last_update_v = 2023-11-27 04:30:39.562316

