[DEFAULT]
interv_d = 604800
interv_h = 43200
interv_m = 14400
fctnmt = cloud

[UPDATES]
last_update_d = 2025-08-18 16:10:57.791433
last_update_h = 2025-08-18 16:22:09.804578
last_update_m = 2025-08-18 16:44:13.246594
last_update_v = 2023-10-25 16:52:16.653504

