[DEFAULT]
interv_d = 604800
interv_h = 43200
interv_m = 14400
fctnmt = cloud

[UPDATES]
last_update_d = 2026-02-05 08:10:50.985539
last_update_h = 2026-02-05 08:21:49.556497
last_update_m = 2026-02-05 04:43:56.546483
last_update_v = 2023-10-25 16:52:16.653504

