[DEFAULT]
interv_d = 604800
interv_h = 43200
interv_m = 14400
fctnmt = cloud

[UPDATES]
last_update_d = 2025-01-16 04:10:36.690152
last_update_h = 2025-01-16 04:21:42.788170
last_update_m = 2025-01-16 04:43:46.205116
last_update_v = 2023-10-25 16:52:16.653504

