[DEFAULT]
interv_d = 604800
interv_h = 43200
interv_m = 14400
fctnmt = cloud

[UPDATES]
last_update_d = 2024-06-30 08:10:09.265682
last_update_h = 2024-06-30 08:20:57.571244
last_update_m = 2024-06-30 04:42:32.691732
last_update_v = 2023-10-25 16:52:16.653504

