[DEFAULT]
interv_d = 604800
interv_h = 43200
interv_m = 14400
fctnmt = cloud

[UPDATES]
last_update_d = 2026-02-12 00:11:12.875218
last_update_h = 2026-02-12 00:22:43.751126
last_update_m = 2026-02-11 20:45:48.858392
last_update_v = 2023-10-25 16:52:16.653504

