[DEFAULT]
interv_d = 604800
interv_h = 43200
interv_m = 14400
fctnmt = cloud

[UPDATES]
last_update_d = 2024-12-15 04:10:40.185567
last_update_h = 2024-12-15 04:21:45.195523
last_update_m = 2024-12-15 00:43:57.795765
last_update_v = 2023-10-25 16:52:16.653504

