[DEFAULT]
interv_d = 604800
interv_h = 43200
interv_m = 14400
fctnmt = cloud

[UPDATES]
last_update_d = 2024-07-23 16:10:04.164748
last_update_h = 2024-07-23 16:20:47.544071
last_update_m = 2024-07-23 12:42:25.814501
last_update_v = 2023-10-25 16:52:16.653504

