[DEFAULT]
interv_d = 604800
interv_h = 43200
interv_m = 14400
fctnmt = cloud

[UPDATES]
last_update_d = 2026-05-06 04:10:53.728756
last_update_h = 2026-05-06 04:21:45.333073
last_update_m = 2026-05-06 00:44:35.337672
last_update_v = 2023-10-25 16:52:16.653504

