[DEFAULT]
interv_d = 604800
interv_h = 43200
interv_m = 14400
fctnmt = cloud

[UPDATES]
last_update_d = 2025-01-03 00:10:48.506468
last_update_h = 2025-01-03 00:22:13.877737
last_update_m = 2025-01-03 00:44:40.606561
last_update_v = 2023-10-25 16:52:16.653504

