[DEFAULT]
interv_d = 604800
interv_h = 43200
interv_m = 14400
fctnmt = cloud

[UPDATES]
last_update_d = 2024-11-11 16:09:52.579941
last_update_h = 2024-11-11 16:20:10.764405
last_update_m = 2024-11-11 16:40:31.376210
last_update_v = 2023-10-25 16:52:16.653504

