[DEFAULT]
interv_d = 604800
interv_h = 43200
interv_m = 14400
fctnmt = cloud

[UPDATES]
last_update_d = 2024-04-23 08:10:18.938315
last_update_h = 2024-04-23 08:21:15.741732
last_update_m = 2024-04-23 04:43:38.946312
last_update_v = 2023-10-25 16:52:16.653504

