[DEFAULT]
interv_d = 604800
interv_h = 43200
interv_m = 14400
fctnmt = cloud

[UPDATES]
last_update_d = 2024-10-02 20:10:11.961883
last_update_h = 2024-10-02 20:20:41.577971
last_update_m = 2024-10-02 16:42:21.971200
last_update_v = 2023-10-25 16:52:16.653504

