[DEFAULT]
interv_d = 604800
interv_h = 43200
interv_m = 14400
fctnmt = cloud

[UPDATES]
last_update_d = 2024-05-31 08:10:26.914475
last_update_h = 2024-05-31 08:21:27.278753
last_update_m = 2024-05-31 08:43:28.891797
last_update_v = 2023-10-25 16:52:16.653504

