[DEFAULT]
interv_d = 604800
interv_h = 43200
interv_m = 14400
fctnmt = cloud

[UPDATES]
last_update_d = 2026-01-31 12:10:57.330592
last_update_h = 2026-01-31 12:21:53.562957
last_update_m = 2026-01-31 08:44:23.248509
last_update_v = 2023-10-25 16:52:16.653504

