[DEFAULT]
interv_d = 604800
interv_h = 43200
interv_m = 14400
fctnmt = cloud

[UPDATES]
last_update_d = 2024-08-12 04:10:39.230501
last_update_h = 2024-08-12 04:21:51.263153
last_update_m = 2024-08-12 04:44:12.146614
last_update_v = 2023-10-25 16:52:16.653504

