[DEFAULT]
interv_d = 604800
interv_h = 43200
interv_m = 14400
fctnmt = cloud

[UPDATES]
last_update_d = 2025-10-11 12:10:49.748598
last_update_h = 2025-10-11 12:21:52.733666
last_update_m = 2025-10-11 12:43:56.179162
last_update_v = 2023-10-25 16:52:16.653504

