[DEFAULT]
interv_d = 604800
interv_h = 43200
interv_m = 14400
fctnmt = cloud

[UPDATES]
last_update_d = 2026-04-14 04:10:56.826825
last_update_h = 2026-04-14 04:21:48.927647
last_update_m = 2026-04-14 00:44:12.344055
last_update_v = 2023-10-25 16:52:16.653504

