[DEFAULT]
interv_d = 604800
interv_h = 43200
interv_m = 14400
fctnmt = cloud

[UPDATES]
last_update_d = 2025-04-21 20:10:50.205558
last_update_h = 2025-04-21 20:21:57.287284
last_update_m = 2025-04-21 16:44:01.468532
last_update_v = 2023-10-25 16:52:16.653504

