[DEFAULT]
interv_d = 604800
interv_h = 43200
interv_m = 14400
fctnmt = cloud

[UPDATES]
last_update_d = 2024-06-21 08:10:16.394312
last_update_h = 2024-06-21 08:21:15.384146
last_update_m = 2024-06-21 08:43:11.965848
last_update_v = 2023-10-25 16:52:16.653504

