[DEFAULT]
interv_d = 604800
interv_h = 43200
interv_m = 14400
fctnmt = cloud

[UPDATES]
last_update_d = 2025-01-16 00:10:46.710698
last_update_h = 2025-01-16 00:22:02.417793
last_update_m = 2025-01-16 00:44:16.102004
last_update_v = 2023-10-25 16:52:16.653504

