[DEFAULT]
interv_d = 604800
interv_h = 43200
interv_m = 14400
fctnmt = cloud

[UPDATES]
last_update_d = 2025-10-21 08:10:38.742222
last_update_h = 2025-10-21 08:21:37.659410
last_update_m = 2025-10-21 04:44:14.470258
last_update_v = 2023-10-25 16:52:16.653504

