[DEFAULT]
interv_d = 604800
interv_h = 43200
interv_m = 14400
fctnmt = cloud

[UPDATES]
last_update_d = 2025-05-18 16:10:46.056959
last_update_h = 2025-05-18 16:21:44.935247
last_update_m = 2025-05-18 16:43:38.683334
last_update_v = 2023-10-25 16:52:16.653504

