[DEFAULT]
interv_d = 604800
interv_h = 43200
interv_m = 14400
fctnmt = cloud

[UPDATES]
last_update_d = 2024-09-27 04:10:44.866935
last_update_h = 2024-09-27 04:21:34.871662
last_update_m = 2024-09-27 00:43:30.080382
last_update_v = 2023-10-25 16:52:16.653504

