[DEFAULT]
interv_d = 604800
interv_h = 43200
interv_m = 14400
fctnmt = cloud

[UPDATES]
last_update_d = 2024-03-04 12:09:53.734322
last_update_h = 2024-03-04 12:20:37.341508
last_update_m = 2024-03-04 08:42:05.263462
last_update_v = 2023-10-25 16:52:16.653504

