[DEFAULT]
interv_d = 604800
interv_h = 43200
interv_m = 14400
fctnmt = cloud

[UPDATES]
last_update_d = 2025-06-18 08:12:30.666566
last_update_h = 2025-06-18 08:24:26.747269
last_update_m = 2025-06-18 04:48:38.466051
last_update_v = 2023-10-25 16:52:16.653504

