[DEFAULT]
interv_d = 604800
interv_h = 43200
interv_m = 14400
fctnmt = cloud

[UPDATES]
last_update_d = 2025-08-23 08:10:57.475708
last_update_h = 2025-08-23 08:22:19.270495
last_update_m = 2025-08-23 08:44:29.770819
last_update_v = 2023-10-25 16:52:16.653504

