[DEFAULT]
interv_d = 604800
interv_h = 43200
interv_m = 14400
fctnmt = cloud

[UPDATES]
last_update_d = 2025-01-17 00:10:40.893925
last_update_h = 2025-01-17 00:22:04.207778
last_update_m = 2025-01-16 20:43:52.511988
last_update_v = 2023-10-25 16:52:16.653504

