[DEFAULT]
interv_d = 604800
interv_h = 43200
interv_m = 14400
fctnmt = cloud

[UPDATES]
last_update_d = 2025-12-01 12:11:09.286399
last_update_h = 2025-12-01 12:22:26.280180
last_update_m = 2025-12-01 12:44:44.553648
last_update_v = 2023-10-25 16:52:16.653504

