[DEFAULT]
interv_d = 604800
interv_h = 43200
interv_m = 14400
fctnmt = cloud

[UPDATES]
last_update_d = 2026-07-13 00:11:13.363272
last_update_h = 2026-07-13 00:22:37.954998
last_update_m = 2026-07-12 20:44:09.520621
last_update_v = 2023-10-25 16:52:16.653504

