[DEFAULT]
interv_d = 604800
interv_h = 43200
interv_m = 14400
fctnmt = cloud

[UPDATES]
last_update_d = 2024-05-21 20:10:33.629424
last_update_h = 2024-05-21 20:21:32.623060
last_update_m = 2024-05-21 16:43:42.408800
last_update_v = 2023-10-25 16:52:16.653504

