[DEFAULT]
interv_d = 604800
interv_h = 43200
interv_m = 14400
fctnmt = cloud

[UPDATES]
last_update_d = 2026-07-02 08:10:56.653726
last_update_h = 2026-07-02 08:21:49.853842
last_update_m = 2026-07-02 08:43:43.465468
last_update_v = 2023-10-25 16:52:16.653504

