[DEFAULT]
interv_d = 604800
interv_h = 43200
interv_m = 14400
fctnmt = cloud

[UPDATES]
last_update_d = 2024-06-26 16:10:21.491787
last_update_h = 2024-06-26 16:21:32.095393
last_update_m = 2024-06-26 12:43:35.252789
last_update_v = 2023-10-25 16:52:16.653504

