[DEFAULT]
interv_d = 604800
interv_h = 43200
interv_m = 14400
fctnmt = cloud

[UPDATES]
last_update_d = 2026-03-26 16:11:04.317201
last_update_h = 2026-03-26 16:22:08.327621
last_update_m = 2026-03-26 16:44:28.333419
last_update_v = 2023-10-25 16:52:16.653504

