[DEFAULT]
interv_d = 604800
interv_h = 43200
interv_m = 14400
fctnmt = cloud

[UPDATES]
last_update_d = 2025-11-09 12:11:04.049099
last_update_h = 2025-11-09 12:22:15.206660
last_update_m = 2025-11-09 08:44:33.628466
last_update_v = 2023-10-25 16:52:16.653504

