[DEFAULT]
interv_d = 604800
interv_h = 43200
interv_m = 14400
fctnmt = cloud

[UPDATES]
last_update_d = 2023-11-21 01:27:58.228067
last_update_h = 2023-11-21 02:56:57.428438
last_update_m = 2023-11-21 05:43:31.931765
last_update_v = 2023-11-20 16:31:31.615098

