[DEFAULT]
interv_d = 604800
interv_h = 43200
interv_m = 14400
fctnmt = cloud

[UPDATES]
last_update_d = 2024-09-23 16:10:24.954594
last_update_h = 2024-09-23 16:21:15.797953
last_update_m = 2024-09-23 12:43:06.900184
last_update_v = 2023-10-25 16:52:16.653504

