[DEFAULT]
interv_d = 604800
interv_h = 43200
interv_m = 14400
fctnmt = cloud

[UPDATES]
last_update_d = 2026-04-05 16:11:04.360891
last_update_h = 2026-04-05 16:22:08.042046
last_update_m = 2026-04-05 12:43:52.249576
last_update_v = 2023-10-25 16:52:16.653504

