[DEFAULT]
interv_d = 604800
interv_h = 43200
interv_m = 14400
fctnmt = cloud

[UPDATES]
last_update_d = 2025-07-11 16:10:38.556375
last_update_h = 2025-07-11 16:21:25.152627
last_update_m = 2025-07-11 12:43:12.358708
last_update_v = 2023-10-25 16:52:16.653504

