[DEFAULT]
interv_d = 604800
interv_h = 43200
interv_m = 14400
fctnmt = cloud

[UPDATES]
last_update_d = 2024-05-17 20:10:29.293248
last_update_h = 2024-05-17 20:21:39.406546
last_update_m = 2024-05-17 16:44:11.713805
last_update_v = 2023-10-25 16:52:16.653504

