[DEFAULT]
interv_d = 604800
interv_h = 43200
interv_m = 14400
fctnmt = cloud

[UPDATES]
last_update_d = 2024-12-14 04:10:37.703889
last_update_h = 2024-12-14 04:21:29.766579
last_update_m = 2024-12-14 04:43:37.704303
last_update_v = 2023-10-25 16:52:16.653504

