[DEFAULT]
interv_d = 604800
interv_h = 43200
interv_m = 14400
fctnmt = cloud

[UPDATES]
last_update_d = 2026-03-17 04:10:56.151498
last_update_h = 2026-03-17 04:21:45.724789
last_update_m = 2026-03-17 00:45:07.613139
last_update_v = 2023-10-25 16:52:16.653504

