[DEFAULT]
interv_d = 604800
interv_h = 43200
interv_m = 14400
fctnmt = cloud

[UPDATES]
last_update_d = 2025-05-21 20:11:06.067091
last_update_h = 2025-05-21 20:22:01.059563
last_update_m = 2025-05-21 16:43:34.966226
last_update_v = 2023-10-25 16:52:16.653504

