[DEFAULT]
interv_d = 604800
interv_h = 43200
interv_m = 14400
fctnmt = cloud

[UPDATES]
last_update_d = 2026-01-03 04:10:53.750830
last_update_h = 2026-01-03 04:21:57.265014
last_update_m = 2026-01-03 00:44:29.164189
last_update_v = 2023-10-25 16:52:16.653504

