[DEFAULT]
interv_d = 604800
interv_h = 43200
interv_m = 14400
fctnmt = cloud

[UPDATES]
last_update_d = 2025-06-13 12:12:17.047660
last_update_h = 2025-06-13 12:24:37.159387
last_update_m = 2025-06-13 08:46:17.646835
last_update_v = 2023-10-25 16:52:16.653504

