[DEFAULT]
interv_d = 604800
interv_h = 43200
interv_m = 14400
fctnmt = cloud

[UPDATES]
last_update_d = 2024-11-20 16:10:01.996511
last_update_h = 2024-11-20 16:20:20.853967
last_update_m = 2024-11-20 16:40:59.483739
last_update_v = 2023-10-25 16:52:16.653504

