[DEFAULT]
interv_d = 604800
interv_h = 43200
interv_m = 14400
fctnmt = cloud

[UPDATES]
last_update_d = 2024-08-29 16:10:46.653625
last_update_h = 2024-08-29 16:22:03.954985
last_update_m = 2024-08-29 16:44:29.729688
last_update_v = 2023-10-25 16:52:16.653504

