[DEFAULT]
interv_d = 604800
interv_h = 43200
interv_m = 14400
fctnmt = cloud

[UPDATES]
last_update_d = 2026-02-17 16:11:08.237244
last_update_h = 2026-02-17 16:22:22.381544
last_update_m = 2026-02-17 12:43:31.976841
last_update_v = 2023-10-25 16:52:16.653504

