[DEFAULT]
interv_d = 604800
interv_h = 43200
interv_m = 14400
fctnmt = cloud

[UPDATES]
last_update_d = 2024-08-18 08:10:40.050832
last_update_h = 2024-08-18 08:21:57.231119
last_update_m = 2024-08-18 08:44:34.756296
last_update_v = 2023-10-25 16:52:16.653504

