[DEFAULT]
interv_d = 604800
interv_h = 43200
interv_m = 14400
fctnmt = cloud

[UPDATES]
last_update_d = 2024-02-11 12:09:52.159292
last_update_h = 2024-02-11 12:20:25.542982
last_update_m = 2024-02-11 12:41:53.134882
last_update_v = 2023-10-25 16:52:16.653504

