[DEFAULT]
interv_d = 604800
interv_h = 43200
interv_m = 14400
fctnmt = cloud

[UPDATES]
last_update_d = 2024-06-14 00:10:17.822077
last_update_h = 2024-06-14 00:21:25.987195
last_update_m = 2024-06-13 20:43:59.203752
last_update_v = 2023-10-25 16:52:16.653504

