[DEFAULT]
interv_d = 604800
interv_h = 43200
interv_m = 14400
fctnmt = cloud

[UPDATES]
last_update_d = 2025-11-21 04:11:04.667857
last_update_h = 2025-11-21 04:22:12.428121
last_update_m = 2025-11-21 00:44:41.049574
last_update_v = 2023-10-25 16:52:16.653504

