[DEFAULT]
interv_d = 604800
interv_h = 43200
interv_m = 14400
fctnmt = cloud

[UPDATES]
last_update_d = 2024-01-03 12:09:25.766699
last_update_h = 2024-01-03 12:19:44.242110
last_update_m = 2024-01-03 12:40:13.238829
last_update_v = 2023-10-25 16:52:16.653504

