[DEFAULT]
interv_d = 604800
interv_h = 43200
interv_m = 14400
fctnmt = cloud

[UPDATES]
last_update_d = 2024-01-07 12:09:40.763133
last_update_h = 2024-01-07 20:10:41.841554
last_update_m = 2024-01-07 20:21:23.533733
last_update_v = 2023-10-25 16:52:16.653504

