[DEFAULT]
interv_d = 604800
interv_h = 43200
interv_m = 14400
fctnmt = cloud

[UPDATES]
last_update_d = 2025-02-02 04:10:38.688652
last_update_h = 2025-02-02 04:21:33.991458
last_update_m = 2025-02-02 04:43:25.572319
last_update_v = 2023-10-25 16:52:16.653504

