[DEFAULT]
interv_d = 604800
interv_h = 43200
interv_m = 14400
fctnmt = cloud

[UPDATES]
last_update_d = 2026-03-03 04:11:01.258131
last_update_h = 2026-03-03 04:21:54.648291
last_update_m = 2026-03-03 00:45:16.356735
last_update_v = 2023-10-25 16:52:16.653504

