[DEFAULT]
interv_d = 604800
interv_h = 43200
interv_m = 14400
fctnmt = cloud

[UPDATES]
last_update_d = 2025-10-01 12:11:05.072940
last_update_h = 2025-10-01 12:22:12.338539
last_update_m = 2025-10-01 08:43:53.928049
last_update_v = 2023-10-25 16:52:16.653504

