[DEFAULT]
interv_d = 604800
interv_h = 43200
interv_m = 14400
fctnmt = cloud

[UPDATES]
last_update_d = 2025-05-28 12:10:39.477197
last_update_h = 2025-05-28 12:21:33.678865
last_update_m = 2025-05-28 08:43:42.583862
last_update_v = 2023-10-25 16:52:16.653504

