[DEFAULT]
interv_d = 604800
interv_h = 43200
interv_m = 14400
fctnmt = cloud

[UPDATES]
last_update_d = 2025-04-04 08:11:05.492797
last_update_h = 2025-04-04 08:22:30.809034
last_update_m = 2025-04-04 08:45:02.971709
last_update_v = 2023-10-25 16:52:16.653504

