[DEFAULT]
interv_d = 604800
interv_h = 43200
interv_m = 14400
fctnmt = cloud

[UPDATES]
last_update_d = 2025-06-24 16:12:36.369644
last_update_h = 2025-06-24 16:24:33.467487
last_update_m = 2025-06-24 16:50:03.542893
last_update_v = 2023-10-25 16:52:16.653504

