[DEFAULT]
interv_d = 604800
interv_h = 43200
interv_m = 14400
fctnmt = cloud

[UPDATES]
last_update_d = 2024-04-12 08:10:14.539752
last_update_h = 2024-04-12 08:21:21.850002
last_update_m = 2024-04-12 04:43:45.441632
last_update_v = 2023-10-25 16:52:16.653504

