[DEFAULT]
interv_d = 604800
interv_h = 43200
interv_m = 14400
fctnmt = cloud

[UPDATES]
last_update_d = 2025-10-29 08:10:46.955437
last_update_h = 2025-10-29 08:21:49.830716
last_update_m = 2025-10-29 04:43:38.769929
last_update_v = 2023-10-25 16:52:16.653504

