[DEFAULT]
interv_d = 604800
interv_h = 43200
interv_m = 14400
fctnmt = cloud

[UPDATES]
last_update_d = 2026-02-07 04:10:59.580293
last_update_h = 2026-02-07 04:22:02.056468
last_update_m = 2026-02-07 04:44:14.050549
last_update_v = 2023-10-25 16:52:16.653504

