[DEFAULT]
interv_d = 604800
interv_h = 43200
interv_m = 14400
fctnmt = cloud

[UPDATES]
last_update_d = 2026-05-18 00:11:06.769434
last_update_h = 2026-05-18 00:22:36.639328
last_update_m = 2026-05-18 00:44:43.738302
last_update_v = 2023-10-25 16:52:16.653504

