[DEFAULT]
interv_d = 604800
interv_h = 43200
interv_m = 14400
fctnmt = cloud

[UPDATES]
last_update_d = 2025-11-23 04:10:58.047809
last_update_h = 2025-11-23 04:22:02.877563
last_update_m = 2025-11-23 04:44:14.477255
last_update_v = 2023-10-25 16:52:16.653504

