[DEFAULT]
interv_d = 604800
interv_h = 43200
interv_m = 14400
fctnmt = cloud

[UPDATES]
last_update_d = 2024-09-24 00:10:16.162076
last_update_h = 2024-09-24 00:21:18.470584
last_update_m = 2024-09-23 20:42:50.163649
last_update_v = 2023-10-25 16:52:16.653504

