[DEFAULT]
interv_d = 604800
interv_h = 43200
interv_m = 14400
fctnmt = cloud

[UPDATES]
last_update_d = 2026-03-14 20:10:55.171038
last_update_h = 2026-03-14 20:21:56.563279
last_update_m = 2026-03-14 16:43:42.665156
last_update_v = 2023-10-25 16:52:16.653504

