[DEFAULT]
interv_d = 604800
interv_h = 43200
interv_m = 14400
fctnmt = cloud

[UPDATES]
last_update_d = 2024-07-15 16:10:27.081411
last_update_h = 2024-07-15 16:21:20.676505
last_update_m = 2024-07-15 12:43:31.570321
last_update_v = 2023-10-25 16:52:16.653504

