[DEFAULT]
interv_d = 604800
interv_h = 43200
interv_m = 14400
fctnmt = cloud

[UPDATES]
last_update_d = 2025-02-28 20:10:49.896402
last_update_h = 2025-02-28 20:22:01.179522
last_update_m = 2025-02-28 16:44:03.508580
last_update_v = 2023-10-25 16:52:16.653504

