[DEFAULT]
interv_d = 604800
interv_h = 43200
interv_m = 14400
fctnmt = cloud

[UPDATES]
last_update_d = 2025-10-09 16:10:44.267267
last_update_h = 2025-10-09 16:21:47.841608
last_update_m = 2025-10-09 16:43:34.967035
last_update_v = 2023-10-25 16:52:16.653504

