[DEFAULT]
interv_d = 604800
interv_h = 43200
interv_m = 14400
fctnmt = cloud

[UPDATES]
last_update_d = 2024-11-30 04:10:23.181764
last_update_h = 2024-11-30 04:21:17.691545
last_update_m = 2024-11-30 00:43:24.166473
last_update_v = 2023-10-25 16:52:16.653504

