[DEFAULT]
interv_d = 604800
interv_h = 43200
interv_m = 14400
fctnmt = cloud

[UPDATES]
last_update_d = 2025-03-22 16:10:59.304013
last_update_h = 2025-03-22 16:22:10.977425
last_update_m = 2025-03-22 16:44:35.399782
last_update_v = 2023-10-25 16:52:16.653504

