[DEFAULT]
interv_d = 604800
interv_h = 43200
interv_m = 14400
fctnmt = cloud

[UPDATES]
last_update_d = 2026-04-07 00:11:01.369467
last_update_h = 2026-04-07 00:22:23.944047
last_update_m = 2026-04-06 20:43:58.453859
last_update_v = 2023-10-25 16:52:16.653504

