[DEFAULT]
interv_d = 604800
interv_h = 43200
interv_m = 14400
fctnmt = cloud

[UPDATES]
last_update_d = 2025-06-07 04:10:44.853241
last_update_h = 2025-06-07 04:21:40.244836
last_update_m = 2025-06-07 04:43:34.443052
last_update_v = 2023-10-25 16:52:16.653504

