[DEFAULT]
interv_d = 604800
interv_h = 43200
interv_m = 14400
fctnmt = cloud

[UPDATES]
last_update_d = 2025-12-08 08:11:00.151726
last_update_h = 2025-12-08 08:21:57.527742
last_update_m = 2025-12-08 08:44:22.652987
last_update_v = 2023-10-25 16:52:16.653504

