[DEFAULT]
interv_d = 604800
interv_h = 43200
interv_m = 14400
fctnmt = cloud

[UPDATES]
last_update_d = 2025-08-06 16:10:43.752467
last_update_h = 2025-08-06 16:21:37.077085
last_update_m = 2025-08-06 16:43:24.657470
last_update_v = 2023-10-25 16:52:16.653504

