[DEFAULT]
interv_d = 604800
interv_h = 43200
interv_m = 14400
fctnmt = cloud

[UPDATES]
last_update_d = 2025-09-29 16:10:58.444479
last_update_h = 2025-09-29 16:22:20.333933
last_update_m = 2025-09-29 12:44:00.250116
last_update_v = 2023-10-25 16:52:16.653504

