[DEFAULT]
interv_d = 604800
interv_h = 43200
interv_m = 14400
fctnmt = cloud

[UPDATES]
last_update_d = 2025-03-31 16:11:05.890726
last_update_h = 2025-03-31 16:22:13.294807
last_update_m = 2025-03-31 16:44:36.864392
last_update_v = 2023-10-25 16:52:16.653504

