[DEFAULT]
interv_d = 604800
interv_h = 43200
interv_m = 14400
fctnmt = cloud

[UPDATES]
last_update_d = 2025-04-09 16:10:59.970102
last_update_h = 2025-04-09 16:22:11.382403
last_update_m = 2025-04-09 12:44:21.565220
last_update_v = 2023-10-25 16:52:16.653504

