[DEFAULT]
interv_d = 604800
interv_h = 43200
interv_m = 14400
fctnmt = cloud

[UPDATES]
last_update_d = 2024-07-25 16:10:16.941188
last_update_h = 2024-07-25 16:20:57.956963
last_update_m = 2024-07-25 16:42:32.147099
last_update_v = 2023-10-25 16:52:16.653504

