[DEFAULT]
interv_d = 604800
interv_h = 43200
interv_m = 14400
fctnmt = cloud

[UPDATES]
last_update_d = 2025-03-11 20:10:48.991068
last_update_h = 2025-03-11 20:21:52.471945
last_update_m = 2025-03-11 20:44:11.301114
last_update_v = 2023-10-25 16:52:16.653504

