[DEFAULT]
interv_d = 604800
interv_h = 43200
interv_m = 14400
fctnmt = cloud

[UPDATES]
last_update_d = 2026-05-05 00:11:27.047987
last_update_h = 2026-05-05 00:22:40.434396
last_update_m = 2026-05-04 20:44:04.764322
last_update_v = 2023-10-25 16:52:16.653504

