[DEFAULT]
interv_d = 604800
interv_h = 43200
interv_m = 14400
fctnmt = cloud

[UPDATES]
last_update_d = 2024-03-04 04:09:53.445349
last_update_h = 2024-03-04 04:20:29.450276
last_update_m = 2024-03-04 00:42:23.438706
last_update_v = 2023-10-25 16:52:16.653504

