[DEFAULT]
interv_d = 604800
interv_h = 43200
interv_m = 14400
fctnmt = cloud

[UPDATES]
last_update_d = 2025-07-25 08:10:37.579991
last_update_h = 2025-07-25 08:21:32.753743
last_update_m = 2025-07-25 04:43:23.381439
last_update_v = 2023-10-25 16:52:16.653504

