[DEFAULT]
interv_d = 604800
interv_h = 43200
interv_m = 14400
fctnmt = cloud

[UPDATES]
last_update_d = 2026-03-30 12:10:57.034248
last_update_h = 2026-03-30 12:21:56.050437
last_update_m = 2026-03-30 08:43:56.000048
last_update_v = 2023-10-25 16:52:16.653504

