[DEFAULT]
interv_d = 604800
interv_h = 43200
interv_m = 14400
fctnmt = cloud

[UPDATES]
last_update_d = 2025-09-09 16:10:53.170039
last_update_h = 2025-09-09 16:21:55.731259
last_update_m = 2025-09-09 12:44:14.770614
last_update_v = 2023-10-25 16:52:16.653504

