[DEFAULT]
interv_d = 604800
interv_h = 43200
interv_m = 14400
fctnmt = cloud

[UPDATES]
last_update_d = 2026-03-07 00:11:02.159678
last_update_h = 2026-03-07 00:22:30.067254
last_update_m = 2026-03-06 20:44:00.939803
last_update_v = 2023-10-25 16:52:16.653504

