[DEFAULT]
interv_d = 604800
interv_h = 43200
interv_m = 14400
fctnmt = cloud

[UPDATES]
last_update_d = 2025-09-23 12:11:10.242627
last_update_h = 2025-09-23 12:22:27.581410
last_update_m = 2025-09-23 12:44:42.080515
last_update_v = 2023-10-25 16:52:16.653504

