[DEFAULT]
interv_d = 604800
interv_h = 43200
interv_m = 14400
fctnmt = cloud

[UPDATES]
last_update_d = 2025-12-13 04:11:14.267812
last_update_h = 2025-12-13 04:22:33.066970
last_update_m = 2025-12-13 04:45:08.268158
last_update_v = 2023-10-25 16:52:16.653504

