[DEFAULT]
interv_d = 604800
interv_h = 43200
interv_m = 14400
fctnmt = cloud

[UPDATES]
last_update_d = 2025-01-13 12:10:35.984915
last_update_h = 2025-01-13 12:21:38.371181
last_update_m = 2025-01-13 08:43:58.407720
last_update_v = 2023-10-25 16:52:16.653504

