[DEFAULT]
interv_d = 604800
interv_h = 43200
interv_m = 14400
fctnmt = cloud

[UPDATES]
last_update_d = 2025-10-01 00:10:54.047280
last_update_h = 2025-10-01 00:22:08.573057
last_update_m = 2025-09-30 20:45:19.446568
last_update_v = 2023-10-25 16:52:16.653504

