[DEFAULT]
interv_d = 604800
interv_h = 43200
interv_m = 14400
fctnmt = cloud

[UPDATES]
last_update_d = 2025-11-17 00:11:04.693965
last_update_h = 2025-11-17 00:22:34.476506
last_update_m = 2025-11-17 00:45:05.447217
last_update_v = 2023-10-25 16:52:16.653504

