[DEFAULT]
interv_d = 604800
interv_h = 43200
interv_m = 14400
fctnmt = cloud

[UPDATES]
last_update_d = 2024-04-11 04:10:16.473355
last_update_h = 2024-04-11 04:21:19.973470
last_update_m = 2024-04-10 20:43:51.616266
last_update_v = 2023-10-25 16:52:16.653504

