[DEFAULT]
interv_d = 604800
interv_h = 43200
interv_m = 14400
fctnmt = cloud

[UPDATES]
last_update_d = 2024-11-03 04:10:13.259517
last_update_h = 2024-11-03 04:20:40.557611
last_update_m = 2024-11-03 04:41:46.296729
last_update_v = 2023-10-25 16:52:16.653504

