[DEFAULT]
interv_d = 604800
interv_h = 43200
interv_m = 14400
fctnmt = cloud

[UPDATES]
last_update_d = 2025-04-27 12:10:59.989168
last_update_h = 2025-04-27 12:22:13.281174
last_update_m = 2025-04-27 12:44:41.969621
last_update_v = 2023-10-25 16:52:16.653504

