[DEFAULT]
interv_d = 604800
interv_h = 43200
interv_m = 14400
fctnmt = cloud

[UPDATES]
last_update_d = 2025-04-28 04:10:57.005070
last_update_h = 2025-04-28 04:22:10.558481
last_update_m = 2025-04-28 00:44:26.492239
last_update_v = 2023-10-25 16:52:16.653504

