[DEFAULT]
interv_d = 604800
interv_h = 43200
interv_m = 14400
fctnmt = cloud

[UPDATES]
last_update_d = 2026-01-31 16:10:49.565179
last_update_h = 2026-01-31 16:21:51.160938
last_update_m = 2026-01-31 16:43:47.262226
last_update_v = 2023-10-25 16:52:16.653504

