[DEFAULT]
interv_d = 604800
interv_h = 43200
interv_m = 14400
fctnmt = cloud

[UPDATES]
last_update_d = 2026-05-12 04:10:49.823426
last_update_h = 2026-05-12 04:21:49.018346
last_update_m = 2026-05-12 00:44:40.721306
last_update_v = 2023-10-25 16:52:16.653504

