[DEFAULT]
interv_d = 604800
interv_h = 43200
interv_m = 14400
fctnmt = cloud

[UPDATES]
last_update_d = 2024-07-18 08:10:41.261200
last_update_h = 2024-07-18 08:22:11.315042
last_update_m = 2024-07-18 08:45:03.791754
last_update_v = 2023-10-25 16:52:16.653504

