[DEFAULT]
interv_d = 604800
interv_h = 43200
interv_m = 14400
fctnmt = cloud

[UPDATES]
last_update_d = 2024-01-05 04:10:26.945018
last_update_h = 2024-01-05 04:23:01.360276
last_update_m = 2024-01-05 00:48:09.131231
last_update_v = 2023-10-25 16:52:16.653504

