[DEFAULT]
interv_d = 604800
interv_h = 43200
interv_m = 14400
fctnmt = cloud

[UPDATES]
last_update_d = 2024-06-04 20:10:06.622620
last_update_h = 2024-06-04 20:21:01.589770
last_update_m = 2024-06-04 20:42:53.031132
last_update_v = 2023-10-25 16:52:16.653504

