[DEFAULT]
interv_d = 604800
interv_h = 43200
interv_m = 14400
fctnmt = cloud

[UPDATES]
last_update_d = 2024-04-20 16:10:14.146121
last_update_h = 2024-04-20 16:21:16.240627
last_update_m = 2024-04-20 12:43:16.543403
last_update_v = 2023-10-25 16:52:16.653504

