[DEFAULT]
interv_d = 604800
interv_h = 43200
interv_m = 14400
fctnmt = cloud

[UPDATES]
last_update_d = 2024-01-06 00:11:27.564963
last_update_h = 2024-01-06 00:24:24.225605
last_update_m = 2024-01-06 00:49:22.752362
last_update_v = 2023-10-25 16:52:16.653504

