[DEFAULT]
interv_d = 604800
interv_h = 43200
interv_m = 14400
fctnmt = cloud

[UPDATES]
last_update_d = 2024-06-28 20:10:11.052352
last_update_h = 2024-06-28 20:21:08.488675
last_update_m = 2024-06-28 16:43:15.677780
last_update_v = 2023-10-25 16:52:16.653504

