[DEFAULT]
interv_d = 604800
interv_h = 43200
interv_m = 14400
fctnmt = cloud

[UPDATES]
last_update_d = 2025-02-27 04:11:26.095261
last_update_h = 2025-02-27 04:22:40.074100
last_update_m = 2025-02-27 04:45:30.996230
last_update_v = 2023-10-25 16:52:16.653504

