[DEFAULT]
interv_d = 604800
interv_h = 43200
interv_m = 14400
fctnmt = cloud

[UPDATES]
last_update_d = 2026-06-06 08:10:55.126668
last_update_h = 2026-06-06 08:21:52.453834
last_update_m = 2026-06-06 04:43:53.123839
last_update_v = 2023-10-25 16:52:16.653504

