[DEFAULT]
interv_d = 604800
interv_h = 43200
interv_m = 14400
fctnmt = cloud

[UPDATES]
last_update_d = 2025-11-10 08:11:14.578937
last_update_h = 2025-11-10 08:22:35.458714
last_update_m = 2025-11-10 04:45:07.936874
last_update_v = 2023-10-25 16:52:16.653504

