[DEFAULT]
interv_d = 604800
interv_h = 43200
interv_m = 14400
fctnmt = cloud

[UPDATES]
last_update_d = 2025-08-20 20:11:09.464155
last_update_h = 2025-08-20 20:22:21.354211
last_update_m = 2025-08-20 16:44:24.447737
last_update_v = 2023-10-25 16:52:16.653504

