[DEFAULT]
interv_d = 604800
interv_h = 43200
interv_m = 14400
fctnmt = cloud

[UPDATES]
last_update_d = 2024-05-03 08:10:11.932271
last_update_h = 2024-05-03 08:21:10.739381
last_update_m = 2024-05-03 08:43:13.946369
last_update_v = 2023-10-25 16:52:16.653504

