[DEFAULT]
interv_d = 604800
interv_h = 43200
interv_m = 14400
fctnmt = cloud

[UPDATES]
last_update_d = 2024-04-26 16:10:18.256747
last_update_h = 2024-04-26 16:21:20.165296
last_update_m = 2024-04-26 16:43:41.116949
last_update_v = 2023-10-25 16:52:16.653504

