[DEFAULT]
interv_d = 604800
interv_h = 43200
interv_m = 14400
fctnmt = cloud

[UPDATES]
last_update_d = 2024-05-31 16:10:15.896138
last_update_h = 2024-05-31 16:21:15.714959
last_update_m = 2024-05-31 12:43:52.596525
last_update_v = 2023-10-25 16:52:16.653504

