[DEFAULT]
interv_d = 604800
interv_h = 43200
interv_m = 14400
fctnmt = cloud

[UPDATES]
last_update_d = 2025-03-27 04:10:44.969164
last_update_h = 2025-03-27 04:21:54.383482
last_update_m = 2025-03-27 00:45:01.003123
last_update_v = 2023-10-25 16:52:16.653504

