[DEFAULT]
interv_d = 604800
interv_h = 43200
interv_m = 14400
fctnmt = cloud

[UPDATES]
last_update_d = 2024-11-27 04:10:03.662931
last_update_h = 2024-11-27 04:20:25.981003
last_update_m = 2024-11-27 00:41:13.659804
last_update_v = 2023-10-25 16:52:16.653504

