[DEFAULT]
interv_d = 604800
interv_h = 43200
interv_m = 14400
fctnmt = cloud

[UPDATES]
last_update_d = 2026-05-10 08:10:58.934163
last_update_h = 2026-05-10 08:22:02.632018
last_update_m = 2026-05-10 08:43:53.672381
last_update_v = 2023-10-25 16:52:16.653504

