[DEFAULT]
interv_d = 604800
interv_h = 43200
interv_m = 14400
fctnmt = cloud

[UPDATES]
last_update_d = 2024-09-14 04:10:43.095634
last_update_h = 2024-09-14 04:22:12.792646
last_update_m = 2024-09-14 04:45:00.454902
last_update_v = 2023-10-25 16:52:16.653504

