[DEFAULT]
interv_d = 604800
interv_h = 43200
interv_m = 14400
fctnmt = cloud

[UPDATES]
last_update_d = 2025-02-03 08:10:47.606415
last_update_h = 2025-02-03 08:21:59.894277
last_update_m = 2025-02-03 04:43:46.074928
last_update_v = 2023-10-25 16:52:16.653504

