[DEFAULT]
interv_d = 604800
interv_h = 43200
interv_m = 14400
fctnmt = cloud

[UPDATES]
last_update_d = 2026-03-06 00:10:53.250636
last_update_h = 2026-03-06 00:22:13.864695
last_update_m = 2026-03-06 00:44:06.452373
last_update_v = 2023-10-25 16:52:16.653504

