[DEFAULT]
interv_d = 604800
interv_h = 43200
interv_m = 14400
fctnmt = cloud

[UPDATES]
last_update_d = 2026-01-13 16:10:50.943992
last_update_h = 2026-01-13 16:21:53.764680
last_update_m = 2026-01-13 16:44:04.947712
last_update_v = 2023-10-25 16:52:16.653504

