[DEFAULT]
interv_d = 604800
interv_h = 43200
interv_m = 14400
fctnmt = cloud

[UPDATES]
last_update_d = 2024-08-31 20:10:41.240505
last_update_h = 2024-08-31 20:21:53.920981
last_update_m = 2024-08-31 16:44:23.467274
last_update_v = 2023-10-25 16:52:16.653504

