[DEFAULT]
interv_d = 604800
interv_h = 43200
interv_m = 14400
fctnmt = cloud

[UPDATES]
last_update_d = 2026-06-01 04:10:47.944323
last_update_h = 2026-06-01 04:21:44.448951
last_update_m = 2026-06-01 00:43:53.835872
last_update_v = 2023-10-25 16:52:16.653504

