[DEFAULT]
interv_d = 604800
interv_h = 43200
interv_m = 14400
fctnmt = cloud

[UPDATES]
last_update_d = 2025-02-06 16:10:51.782978
last_update_h = 2025-02-06 16:22:03.507477
last_update_m = 2025-02-06 16:44:22.491947
last_update_v = 2023-10-25 16:52:16.653504

