[DEFAULT]
interv_d = 604800
interv_h = 43200
interv_m = 14400
fctnmt = cloud

[UPDATES]
last_update_d = 2024-01-31 04:09:39.238418
last_update_h = 2024-01-31 04:20:17.363390
last_update_m = 2024-01-31 04:41:32.350975
last_update_v = 2023-10-25 16:52:16.653504

