[DEFAULT]
interv_d = 604800
interv_h = 43200
interv_m = 14400
fctnmt = cloud

[UPDATES]
last_update_d = 2025-07-31 16:10:45.185017
last_update_h = 2025-07-31 16:21:40.867910
last_update_m = 2025-07-31 16:43:35.051376
last_update_v = 2023-10-25 16:52:16.653504

