[DEFAULT]
interv_d = 604800
interv_h = 43200
interv_m = 14400
fctnmt = cloud

[UPDATES]
last_update_d = 2025-01-01 08:10:45.110015
last_update_h = 2025-01-01 08:21:48.476511
last_update_m = 2025-01-01 08:43:54.679064
last_update_v = 2023-10-25 16:52:16.653504

