[DEFAULT]
interv_d = 604800
interv_h = 43200
interv_m = 14400
fctnmt = cloud

[UPDATES]
last_update_d = 2025-12-15 12:10:55.149584
last_update_h = 2025-12-15 12:21:56.058456
last_update_m = 2025-12-15 12:44:20.263619
last_update_v = 2023-10-25 16:52:16.653504

