[DEFAULT]
interv_d = 604800
interv_h = 43200
interv_m = 14400
fctnmt = cloud

[UPDATES]
last_update_d = 2024-04-16 16:10:38.216918
last_update_h = 2024-04-16 16:21:53.056685
last_update_m = 2024-04-16 16:44:17.027499
last_update_v = 2023-10-25 16:52:16.653504

