[DEFAULT]
interv_d = 604800
interv_h = 43200
interv_m = 14400
fctnmt = cloud

[UPDATES]
last_update_d = 2025-04-06 12:10:59.881039
last_update_h = 2025-04-06 12:22:17.503793
last_update_m = 2025-04-06 08:44:16.188376
last_update_v = 2023-10-25 16:52:16.653504

