[DEFAULT]
interv_d = 604800
interv_h = 43200
interv_m = 14400
fctnmt = cloud

[UPDATES]
last_update_d = 2024-01-19 00:09:35.334528
last_update_h = 2024-01-19 00:20:18.532118
last_update_m = 2024-01-18 20:41:44.131893
last_update_v = 2023-10-25 16:52:16.653504

