[DEFAULT]
interv_d = 604800
interv_h = 43200
interv_m = 14400
fctnmt = cloud

[UPDATES]
last_update_d = 2025-04-25 04:10:57.272085
last_update_h = 2025-04-25 04:22:06.011423
last_update_m = 2025-04-25 04:44:32.096712
last_update_v = 2023-10-25 16:52:16.653504

