[DEFAULT]
interv_d = 604800
interv_h = 43200
interv_m = 14400
fctnmt = cloud

[UPDATES]
last_update_d = 2024-10-08 08:09:58.261979
last_update_h = 2024-10-08 08:20:22.073842
last_update_m = 2024-10-08 04:40:59.390481
last_update_v = 2023-10-25 16:52:16.653504

