[DEFAULT]
interv_d = 604800
interv_h = 43200
interv_m = 14400
fctnmt = cloud

[UPDATES]
last_update_d = 2024-06-16 16:10:15.702785
last_update_h = 2024-06-16 16:21:24.831697
last_update_m = 2024-06-16 12:43:19.601602
last_update_v = 2023-10-25 16:52:16.653504

