[DEFAULT]
interv_d = 604800
interv_h = 43200
interv_m = 14400
fctnmt = cloud

[UPDATES]
last_update_d = 2026-04-04 16:10:51.213486
last_update_h = 2026-04-04 16:21:55.430925
last_update_m = 2026-04-04 12:43:43.458279
last_update_v = 2023-10-25 16:52:16.653504

