[DEFAULT]
interv_d = 604800
interv_h = 43200
interv_m = 14400
fctnmt = cloud

[UPDATES]
last_update_d = 2024-01-02 20:12:31.433446
last_update_h = 2024-01-02 20:22:56.558311
last_update_m = 2024-01-02 16:50:10.163445
last_update_v = 2023-10-25 16:52:16.653504

