[DEFAULT]
interv_d = 604800
interv_h = 43200
interv_m = 14400
fctnmt = cloud

[UPDATES]
last_update_d = 2025-03-15 00:10:55.795913
last_update_h = 2025-03-15 00:22:22.574235
last_update_m = 2025-03-15 00:44:53.862001
last_update_v = 2023-10-25 16:52:16.653504

