[DEFAULT]
interv_d = 604800
interv_h = 43200
interv_m = 14400
fctnmt = cloud

[UPDATES]
last_update_d = 2026-01-12 00:11:07.755609
last_update_h = 2026-01-12 00:22:32.141526
last_update_m = 2026-01-11 20:43:32.041816
last_update_v = 2023-10-25 16:52:16.653504

