[DEFAULT]
interv_d = 604800
interv_h = 43200
interv_m = 14400
fctnmt = cloud

[UPDATES]
last_update_d = 2026-01-31 00:11:04.202212
last_update_h = 2026-01-31 00:22:19.855697
last_update_m = 2026-01-31 00:44:22.473682
last_update_v = 2023-10-25 16:52:16.653504

