[DEFAULT]
interv_d = 604800
interv_h = 43200
interv_m = 14400
fctnmt = cloud

[UPDATES]
last_update_d = 2025-01-24 04:10:33.965553
last_update_h = 2025-01-24 04:21:27.997300
last_update_m = 2025-01-24 00:43:35.599135
last_update_v = 2023-10-25 16:52:16.653504

