[DEFAULT]
interv_d = 604800
interv_h = 43200
interv_m = 14400
fctnmt = cloud

[UPDATES]
last_update_d = 2026-04-02 12:10:53.759341
last_update_h = 2026-04-02 12:21:47.538966
last_update_m = 2026-04-02 12:43:45.033833
last_update_v = 2023-10-25 16:52:16.653504

