[DEFAULT]
interv_d = 604800
interv_h = 43200
interv_m = 14400
fctnmt = cloud

[UPDATES]
last_update_d = 2024-08-15 12:10:50.346911
last_update_h = 2024-08-15 12:22:08.657270
last_update_m = 2024-08-15 08:44:27.115214
last_update_v = 2023-10-25 16:52:16.653504

