[DEFAULT]
interv_d = 604800
interv_h = 43200
interv_m = 14400
fctnmt = cloud

[UPDATES]
last_update_d = 2024-06-07 04:10:17.406462
last_update_h = 2024-06-07 04:21:12.802948
last_update_m = 2024-06-07 04:43:00.099446
last_update_v = 2023-10-25 16:52:16.653504

