[DEFAULT]
interv_d = 604800
interv_h = 43200
interv_m = 14400
fctnmt = cloud

[UPDATES]
last_update_d = 2025-02-12 08:10:37.070115
last_update_h = 2025-02-12 08:21:34.989739
last_update_m = 2025-02-12 04:44:03.779669
last_update_v = 2023-10-25 16:52:16.653504

