[DEFAULT]
interv_d = 604800
interv_h = 43200
interv_m = 14400
fctnmt = cloud

[UPDATES]
last_update_d = 2024-01-06 04:12:05.146732
last_update_h = 2024-01-06 04:24:57.547033
last_update_m = 2024-01-06 04:50:10.162048
last_update_v = 2023-10-25 16:52:16.653504

