[DEFAULT]
interv_d = 604800
interv_h = 43200
interv_m = 14400
fctnmt = cloud

[UPDATES]
last_update_d = 2025-04-08 16:10:51.208177
last_update_h = 2025-04-08 16:21:58.386437
last_update_m = 2025-04-08 16:44:19.473962
last_update_v = 2023-10-25 16:52:16.653504

