[DEFAULT]
interv_d = 604800
interv_h = 43200
interv_m = 14400
fctnmt = cloud

[UPDATES]
last_update_d = 2025-02-05 16:10:40.677189
last_update_h = 2025-02-05 16:21:39.057139
last_update_m = 2025-02-05 12:43:48.600649
last_update_v = 2023-10-25 16:52:16.653504

