[DEFAULT]
interv_d = 604800
interv_h = 43200
interv_m = 14400
fctnmt = cloud

[UPDATES]
last_update_d = 2026-05-27 00:10:49.343738
last_update_h = 2026-05-27 00:22:07.027353
last_update_m = 2026-05-27 00:43:58.458733
last_update_v = 2023-10-25 16:52:16.653504

