[DEFAULT]
interv_d = 604800
interv_h = 43200
interv_m = 14400
fctnmt = cloud

[UPDATES]
last_update_d = 2024-09-25 00:10:17.090762
last_update_h = 2024-09-25 00:21:31.368127
last_update_m = 2024-09-24 20:42:38.863252
last_update_v = 2023-10-25 16:52:16.653504

