[DEFAULT]
interv_d = 604800
interv_h = 43200
interv_m = 14400
fctnmt = cloud

[UPDATES]
last_update_d = 2024-07-16 16:10:33.078695
last_update_h = 2024-07-16 16:22:01.180793
last_update_m = 2024-07-16 12:43:34.589189
last_update_v = 2023-10-25 16:52:16.653504

