[DEFAULT]
interv_d = 604800
interv_h = 43200
interv_m = 14400
fctnmt = cloud

[UPDATES]
last_update_d = 2024-07-04 04:10:22.102243
last_update_h = 2024-07-04 04:21:17.077246
last_update_m = 2024-07-04 00:43:36.962660
last_update_v = 2023-10-25 16:52:16.653504

