[DEFAULT]
interv_d = 604800
interv_h = 43200
interv_m = 14400
fctnmt = cloud

[UPDATES]
last_update_d = 2025-07-09 16:12:18.450585
last_update_h = 2025-07-09 16:23:51.927908
last_update_m = 2025-07-09 16:47:18.133109
last_update_v = 2023-10-25 16:52:16.653504

