[DEFAULT]
interv_d = 604800
interv_h = 43200
interv_m = 14400
fctnmt = cloud

[UPDATES]
last_update_d = 2024-06-10 04:10:22.914074
last_update_h = 2024-06-10 04:21:26.277737
last_update_m = 2024-06-10 04:43:23.008381
last_update_v = 2023-10-25 16:52:16.653504

