[DEFAULT]
interv_d = 604800
interv_h = 43200
interv_m = 14400
fctnmt = cloud

[UPDATES]
last_update_d = 2026-01-31 04:11:02.477711
last_update_h = 2026-01-31 04:22:06.265590
last_update_m = 2026-01-31 00:44:22.473682
last_update_v = 2023-10-25 16:52:16.653504

