[DEFAULT]
interv_d = 604800
interv_h = 43200
interv_m = 14400
fctnmt = cloud

[UPDATES]
last_update_d = 2025-05-13 16:10:39.965568
last_update_h = 2025-05-13 16:21:37.471950
last_update_m = 2025-05-13 16:43:24.726790
last_update_v = 2023-10-25 16:52:16.653504

