[DEFAULT]
interv_d = 604800
interv_h = 43200
interv_m = 14400
fctnmt = cloud

[UPDATES]
last_update_d = 2024-11-03 20:10:10.165231
last_update_h = 2024-11-03 20:20:41.198016
last_update_m = 2024-11-03 20:41:52.697112
last_update_v = 2023-10-25 16:52:16.653504

