[DEFAULT]
interv_d = 604800
interv_h = 43200
interv_m = 14400
fctnmt = cloud

[UPDATES]
last_update_d = 2024-08-15 00:10:33.021615
last_update_h = 2024-08-15 00:21:56.554060
last_update_m = 2024-08-14 20:43:48.359442
last_update_v = 2023-10-25 16:52:16.653504

