[DEFAULT]
interv_d = 604800
interv_h = 43200
interv_m = 14400
fctnmt = cloud

[UPDATES]
last_update_d = 2026-02-27 20:11:15.976721
last_update_h = 2026-02-27 20:22:28.829555
last_update_m = 2026-02-27 20:44:26.271604
last_update_v = 2023-10-25 16:52:16.653504

