[DEFAULT]
interv_d = 604800
interv_h = 43200
interv_m = 14400
fctnmt = cloud

[UPDATES]
last_update_d = 2024-10-20 00:10:01.888274
last_update_h = 2024-10-20 00:20:29.680306
last_update_m = 2024-10-19 20:40:21.285299
last_update_v = 2023-10-25 16:52:16.653504

