[DEFAULT]
interv_d = 604800
interv_h = 43200
interv_m = 14400
fctnmt = cloud

[UPDATES]
last_update_d = 2024-12-29 08:10:41.689051
last_update_h = 2024-12-29 08:21:38.372986
last_update_m = 2024-12-29 04:44:05.898456
last_update_v = 2023-10-25 16:52:16.653504

