[DEFAULT]
interv_d = 604800
interv_h = 43200
interv_m = 14400
fctnmt = cloud

[UPDATES]
last_update_d = 2026-01-18 12:11:14.151870
last_update_h = 2026-01-18 12:22:28.651259
last_update_m = 2026-01-18 08:44:48.344311
last_update_v = 2023-10-25 16:52:16.653504

