[DEFAULT]
interv_d = 604800
interv_h = 43200
interv_m = 14400
fctnmt = cloud

[UPDATES]
last_update_d = 2024-09-08 16:10:39.956177
last_update_h = 2024-09-08 16:22:26.088782
last_update_m = 2024-09-08 12:43:32.353863
last_update_v = 2023-10-25 16:52:16.653504

