[DEFAULT]
interv_d = 604800
interv_h = 43200
interv_m = 14400
fctnmt = cloud

[UPDATES]
last_update_d = 2024-05-24 20:10:16.087765
last_update_h = 2024-05-24 20:21:12.230417
last_update_m = 2024-05-24 20:43:12.713768
last_update_v = 2023-10-25 16:52:16.653504

