[DEFAULT]
interv_d = 604800
interv_h = 43200
interv_m = 14400
fctnmt = cloud

[UPDATES]
last_update_d = 2026-02-22 12:10:55.734712
last_update_h = 2026-02-22 12:22:00.376956
last_update_m = 2026-02-22 08:44:18.743500
last_update_v = 2023-10-25 16:52:16.653504

