[DEFAULT]
interv_d = 604800
interv_h = 43200
interv_m = 14400
fctnmt = cloud

[UPDATES]
last_update_d = 2024-01-13 04:09:31.245845
last_update_h = 2024-01-13 04:19:59.036648
last_update_m = 2024-01-13 04:41:09.644982
last_update_v = 2023-10-25 16:52:16.653504

