[DEFAULT]
interv_d = 604800
interv_h = 43200
interv_m = 14400
fctnmt = cloud

[UPDATES]
last_update_d = 2023-12-31 16:09:12.826111
last_update_h = 2023-12-31 16:19:39.548544
last_update_m = 2023-12-31 16:29:49.158270
last_update_v = 2023-10-25 16:52:16.653504

