[DEFAULT]
interv_d = 604800
interv_h = 43200
interv_m = 14400
fctnmt = cloud

[UPDATES]
last_update_d = 2024-10-06 12:10:03.575543
last_update_h = 2024-10-06 12:20:36.264553
last_update_m = 2024-10-06 08:41:13.881104
last_update_v = 2023-10-25 16:52:16.653504

