[DEFAULT]
interv_d = 604800
interv_h = 43200
interv_m = 14400
fctnmt = cloud

[UPDATES]
last_update_d = 2026-02-23 20:10:50.781418
last_update_h = 2026-02-23 20:21:43.981807
last_update_m = 2026-02-23 16:44:07.658655
last_update_v = 2023-10-25 16:52:16.653504

