[DEFAULT]
interv_d = 604800
interv_h = 43200
interv_m = 14400
fctnmt = cloud

[UPDATES]
last_update_d = 2025-11-14 00:11:31.568757
last_update_h = 2025-11-14 00:23:01.843342
last_update_m = 2025-11-13 20:44:40.960947
last_update_v = 2023-10-25 16:52:16.653504

