[DEFAULT]
interv_d = 604800
interv_h = 43200
interv_m = 14400
fctnmt = cloud

[UPDATES]
last_update_d = 2025-05-22 20:10:39.857840
last_update_h = 2025-05-22 20:21:30.465247
last_update_m = 2025-05-22 20:43:19.551224
last_update_v = 2023-10-25 16:52:16.653504

