[DEFAULT]
interv_d = 604800
interv_h = 43200
interv_m = 14400
fctnmt = cloud

[UPDATES]
last_update_d = 2025-07-29 16:10:44.244249
last_update_h = 2025-07-29 16:21:35.952659
last_update_m = 2025-07-29 12:43:33.255170
last_update_v = 2023-10-25 16:52:16.653504

