[DEFAULT]
interv_d = 604800
interv_h = 43200
interv_m = 14400
fctnmt = cloud

[UPDATES]
last_update_d = 2024-11-24 20:10:06.580599
last_update_h = 2024-11-24 20:20:26.044762
last_update_m = 2024-11-24 20:41:11.248428
last_update_v = 2023-10-25 16:52:16.653504

