[DEFAULT]
interv_d = 604800
interv_h = 43200
interv_m = 14400
fctnmt = cloud

[UPDATES]
last_update_d = 2025-03-14 20:10:59.178635
last_update_h = 2025-03-14 20:22:05.478150
last_update_m = 2025-03-14 16:44:32.106468
last_update_v = 2023-10-25 16:52:16.653504

