[DEFAULT]
interv_d = 604800
interv_h = 43200
interv_m = 14400
fctnmt = cloud

[UPDATES]
last_update_d = 2025-11-01 16:11:42.871535
last_update_h = 2025-11-01 16:24:26.480437
last_update_m = 2025-11-01 16:48:08.531051
last_update_v = 2023-10-25 16:52:16.653504

