[DEFAULT]
interv_d = 604800
interv_h = 43200
interv_m = 14400
fctnmt = cloud

[UPDATES]
last_update_d = 2026-07-10 16:11:00.329035
last_update_h = 2026-07-10 16:22:12.359880
last_update_m = 2026-07-10 16:44:20.826062
last_update_v = 2023-10-25 16:52:16.653504

