[DEFAULT]
interv_d = 604800
interv_h = 43200
interv_m = 14400
fctnmt = cloud

[UPDATES]
last_update_d = 2026-04-29 08:10:53.128639
last_update_h = 2026-04-29 08:21:40.646972
last_update_m = 2026-04-29 04:43:50.260250
last_update_v = 2023-10-25 16:52:16.653504

