[DEFAULT]
interv_d = 604800
interv_h = 43200
interv_m = 14400
fctnmt = cloud

[UPDATES]
last_update_d = 2025-03-11 00:10:40.781725
last_update_h = 2025-03-11 00:21:47.684968
last_update_m = 2025-03-11 00:44:01.487479
last_update_v = 2023-10-25 16:52:16.653504

