[DEFAULT]
interv_d = 604800
interv_h = 43200
interv_m = 14400
fctnmt = cloud

[UPDATES]
last_update_d = 2025-01-08 16:10:50.410642
last_update_h = 2025-01-08 16:21:54.579918
last_update_m = 2025-01-08 16:44:12.066738
last_update_v = 2023-10-25 16:52:16.653504

