[DEFAULT]
interv_d = 604800
interv_h = 43200
interv_m = 14400
fctnmt = cloud

[UPDATES]
last_update_d = 2025-03-19 00:10:59.958433
last_update_h = 2025-03-19 00:22:28.508068
last_update_m = 2025-03-18 20:44:12.509538
last_update_v = 2023-10-25 16:52:16.653504

