[DEFAULT]
interv_d = 604800
interv_h = 43200
interv_m = 14400
fctnmt = cloud

[UPDATES]
last_update_d = 2024-10-22 08:09:55.387738
last_update_h = 2024-10-22 08:20:11.544768
last_update_m = 2024-10-22 08:40:45.988727
last_update_v = 2023-10-25 16:52:16.653504

