[DEFAULT]
interv_d = 604800
interv_h = 43200
interv_m = 14400
fctnmt = cloud

[UPDATES]
last_update_d = 2024-10-28 12:10:06.171683
last_update_h = 2024-10-28 12:20:31.466384
last_update_m = 2024-10-28 08:41:08.745318
last_update_v = 2023-10-25 16:52:16.653504

