[DEFAULT]
interv_d = 604800
interv_h = 43200
interv_m = 14400
fctnmt = cloud

[UPDATES]
last_update_d = 2025-03-19 16:11:02.303297
last_update_h = 2025-03-19 16:22:15.266501
last_update_m = 2025-03-19 16:44:33.501867
last_update_v = 2023-10-25 16:52:16.653504

