[DEFAULT]
interv_d = 604800
interv_h = 43200
interv_m = 14400
fctnmt = cloud

[UPDATES]
last_update_d = 2025-04-26 04:10:57.274843
last_update_h = 2025-04-26 04:22:08.611936
last_update_m = 2025-04-26 00:44:57.310705
last_update_v = 2023-10-25 16:52:16.653504

