[DEFAULT]
interv_d = 604800
interv_h = 43200
interv_m = 14400
fctnmt = cloud

[UPDATES]
last_update_d = 2025-08-12 04:10:49.637486
last_update_h = 2025-08-12 04:21:53.746992
last_update_m = 2025-08-12 00:44:13.480847
last_update_v = 2023-10-25 16:52:16.653504

