[DEFAULT]
interv_d = 604800
interv_h = 43200
interv_m = 14400
fctnmt = cloud

[UPDATES]
last_update_d = 2023-10-24 15:18:15.934823
last_update_h = 2023-12-28 20:10:27.735519
last_update_m = 2023-12-28 20:20:49.030754
last_update_v = 2023-10-25 16:52:16.653504

