[DEFAULT]
interv_d = 604800
interv_h = 43200
interv_m = 14400
fctnmt = cloud

[UPDATES]
last_update_d = 2024-10-05 08:10:11.282727
last_update_h = 2024-10-05 08:20:47.181564
last_update_m = 2024-10-05 08:42:01.769097
last_update_v = 2023-10-25 16:52:16.653504

