[DEFAULT]
interv_d = 604800
interv_h = 43200
interv_m = 14400
fctnmt = cloud

[UPDATES]
last_update_d = 2024-12-14 20:10:37.485098
last_update_h = 2024-12-14 20:21:33.586012
last_update_m = 2024-12-14 16:43:49.978193
last_update_v = 2023-10-25 16:52:16.653504

