[DEFAULT]
interv_d = 604800
interv_h = 43200
interv_m = 14400
fctnmt = cloud

[UPDATES]
last_update_d = 2024-08-01 16:10:33.328666
last_update_h = 2024-08-01 16:21:36.217482
last_update_m = 2024-08-01 12:44:11.246865
last_update_v = 2023-10-25 16:52:16.653504

