[DEFAULT]
interv_d = 604800
interv_h = 43200
interv_m = 14400
fctnmt = cloud

[UPDATES]
last_update_d = 2026-07-01 08:11:27.536676
last_update_h = 2026-07-01 08:22:30.566764
last_update_m = 2026-07-01 04:43:55.628443
last_update_v = 2023-10-25 16:52:16.653504

