[DEFAULT]
interv_d = 604800
interv_h = 43200
interv_m = 14400
fctnmt = cloud

[UPDATES]
last_update_d = 2024-03-31 12:10:17.852560
last_update_h = 2024-03-31 12:21:26.929906
last_update_m = 2024-03-31 12:43:54.923311
last_update_v = 2023-10-25 16:52:16.653504

