[DEFAULT]
interv_d = 604800
interv_h = 43200
interv_m = 14400
fctnmt = cloud

[UPDATES]
last_update_d = 2025-08-14 00:10:51.573260
last_update_h = 2025-08-14 00:22:13.859351
last_update_m = 2025-08-14 00:44:13.475144
last_update_v = 2023-10-25 16:52:16.653504

