[DEFAULT]
interv_d = 604800
interv_h = 43200
interv_m = 14400
fctnmt = cloud

[UPDATES]
last_update_d = 2025-02-06 08:10:49.590241
last_update_h = 2025-02-06 08:21:55.082103
last_update_m = 2025-02-06 08:44:04.408134
last_update_v = 2023-10-25 16:52:16.653504

