[DEFAULT]
interv_d = 604800
interv_h = 43200
interv_m = 14400
fctnmt = cloud

[UPDATES]
last_update_d = 2026-06-15 00:11:30.615918
last_update_h = 2026-06-15 00:22:50.432863
last_update_m = 2026-06-15 00:45:13.248942
last_update_v = 2023-10-25 16:52:16.653504

