[DEFAULT]
interv_d = 604800
interv_h = 43200
interv_m = 14400
fctnmt = cloud

[UPDATES]
last_update_d = 2026-04-11 00:10:55.854124
last_update_h = 2026-04-11 00:22:15.645829
last_update_m = 2026-04-10 20:43:41.328491
last_update_v = 2023-10-25 16:52:16.653504

