[DEFAULT]
interv_d = 604800
interv_h = 43200
interv_m = 14400
fctnmt = cloud

[UPDATES]
last_update_d = 2025-11-08 04:11:03.685562
last_update_h = 2025-11-08 04:22:16.165132
last_update_m = 2025-11-08 04:44:30.067731
last_update_v = 2023-10-25 16:52:16.653504

