[DEFAULT]
interv_d = 604800
interv_h = 43200
interv_m = 14400
fctnmt = cloud

[UPDATES]
last_update_d = 2025-12-06 00:11:02.646917
last_update_h = 2025-12-06 00:22:21.335219
last_update_m = 2025-12-06 00:44:32.229878
last_update_v = 2023-10-25 16:52:16.653504

