[DEFAULT]
interv_d = 604800
interv_h = 43200
interv_m = 14400
fctnmt = cloud

[UPDATES]
last_update_d = 2025-06-13 00:11:49.351337
last_update_h = 2025-06-13 00:23:36.351651
last_update_m = 2025-06-13 00:47:12.681658
last_update_v = 2023-10-25 16:52:16.653504

