[DEFAULT]
interv_d = 604800
interv_h = 43200
interv_m = 14400
fctnmt = cloud

[UPDATES]
last_update_d = 2025-08-19 16:11:18.342679
last_update_h = 2025-08-19 16:22:46.163850
last_update_m = 2025-08-19 12:44:40.651026
last_update_v = 2023-10-25 16:52:16.653504

