[DEFAULT]
interv_d = 604800
interv_h = 43200
interv_m = 14400
fctnmt = cloud

[UPDATES]
last_update_d = 2025-11-20 16:10:58.163584
last_update_h = 2025-11-20 16:22:08.142617
last_update_m = 2025-11-20 12:44:31.738926
last_update_v = 2023-10-25 16:52:16.653504

