[DEFAULT]
interv_d = 604800
interv_h = 43200
interv_m = 14400
fctnmt = cloud

[UPDATES]
last_update_d = 2024-04-13 00:10:12.666263
last_update_h = 2024-04-13 00:21:21.551924
last_update_m = 2024-04-12 20:43:20.734145
last_update_v = 2023-10-25 16:52:16.653504

