[DEFAULT]
interv_d = 604800
interv_h = 43200
interv_m = 14400
fctnmt = cloud

[UPDATES]
last_update_d = 2024-07-03 16:10:25.790761
last_update_h = 2024-07-03 16:21:35.394397
last_update_m = 2024-07-03 16:43:32.501919
last_update_v = 2023-10-25 16:52:16.653504

