[DEFAULT]
interv_d = 604800
interv_h = 43200
interv_m = 14400
fctnmt = cloud

[UPDATES]
last_update_d = 2026-01-23 04:11:11.571254
last_update_h = 2026-01-23 04:22:24.651585
last_update_m = 2026-01-23 04:44:55.273440
last_update_v = 2023-10-25 16:52:16.653504

