[DEFAULT]
interv_d = 604800
interv_h = 43200
interv_m = 14400
fctnmt = cloud

[UPDATES]
last_update_d = 2025-03-07 16:10:50.002309
last_update_h = 2025-03-07 16:21:52.190567
last_update_m = 2025-03-07 16:43:47.860567
last_update_v = 2023-10-25 16:52:16.653504

