[DEFAULT]
interv_d = 604800
interv_h = 43200
interv_m = 14400
fctnmt = cloud

[UPDATES]
last_update_d = 2025-05-06 12:10:39.862359
last_update_h = 2025-05-06 12:21:36.556242
last_update_m = 2025-05-06 12:43:29.384341
last_update_v = 2023-10-25 16:52:16.653504

