[DEFAULT]
interv_d = 604800
interv_h = 43200
interv_m = 14400
fctnmt = cloud

[UPDATES]
last_update_d = 2024-05-29 08:10:17.922055
last_update_h = 2024-05-29 08:21:20.910051
last_update_m = 2024-05-29 04:43:28.219189
last_update_v = 2023-10-25 16:52:16.653504

