[DEFAULT]
interv_d = 604800
interv_h = 43200
interv_m = 14400
fctnmt = cloud

[UPDATES]
last_update_d = 2023-11-13 20:44:47.436301
last_update_h = 2023-11-20 13:28:38.336435
last_update_m = 2023-11-20 21:26:55.138767
last_update_v = 2023-11-20 16:31:31.615098

