[DEFAULT]
interv_d = 604800
interv_h = 43200
interv_m = 14400
fctnmt = cloud

[UPDATES]
last_update_d = 2025-02-05 08:10:49.581923
last_update_h = 2025-02-05 08:21:51.405067
last_update_m = 2025-02-05 04:44:51.896025
last_update_v = 2023-10-25 16:52:16.653504

