[DEFAULT]
interv_d = 604800
interv_h = 43200
interv_m = 14400
fctnmt = cloud

[UPDATES]
last_update_d = 2025-05-09 20:10:42.267089
last_update_h = 2025-05-09 20:21:43.192044
last_update_m = 2025-05-09 16:43:29.580348
last_update_v = 2023-10-25 16:52:16.653504

