[DEFAULT]
interv_d = 604800
interv_h = 43200
interv_m = 14400
fctnmt = cloud

[UPDATES]
last_update_d = 2024-09-14 20:10:21.491582
last_update_h = 2024-09-14 20:21:17.092449
last_update_m = 2024-09-14 16:43:35.162115
last_update_v = 2023-10-25 16:52:16.653504

