[DEFAULT]
interv_d = 604800
interv_h = 43200
interv_m = 14400
fctnmt = cloud

[UPDATES]
last_update_d = 2024-10-31 12:10:37.759015
last_update_h = 2024-10-31 12:21:10.895116
last_update_m = 2024-10-31 08:42:00.696853
last_update_v = 2023-10-25 16:52:16.653504

