[DEFAULT]
interv_d = 604800
interv_h = 43200
interv_m = 14400
fctnmt = cloud

[UPDATES]
last_update_d = 2024-12-18 12:10:41.692831
last_update_h = 2024-12-18 12:21:39.788495
last_update_m = 2024-12-18 12:43:35.371307
last_update_v = 2023-10-25 16:52:16.653504

