[DEFAULT]
interv_d = 604800
interv_h = 43200
interv_m = 14400
fctnmt = cloud

[UPDATES]
last_update_d = 2025-09-20 16:10:55.382098
last_update_h = 2025-09-20 16:22:03.959556
last_update_m = 2025-09-20 12:44:45.553378
last_update_v = 2023-10-25 16:52:16.653504

