[DEFAULT]
interv_d = 604800
interv_h = 43200
interv_m = 14400
fctnmt = cloud

[UPDATES]
last_update_d = 2025-04-03 20:10:51.470689
last_update_h = 2025-04-03 20:22:10.875690
last_update_m = 2025-04-03 16:44:58.582975
last_update_v = 2023-10-25 16:52:16.653504

