[DEFAULT]
interv_d = 604800
interv_h = 43200
interv_m = 14400
fctnmt = cloud

[UPDATES]
last_update_d = 2025-12-02 08:11:00.339699
last_update_h = 2025-12-02 08:22:04.451831
last_update_m = 2025-12-02 04:44:37.844508
last_update_v = 2023-10-25 16:52:16.653504

