[DEFAULT]
interv_d = 604800
interv_h = 43200
interv_m = 14400
fctnmt = cloud

[UPDATES]
last_update_d = 2025-08-27 04:11:03.160866
last_update_h = 2025-08-27 04:22:16.154162
last_update_m = 2025-08-27 00:44:47.364273
last_update_v = 2023-10-25 16:52:16.653504

