[DEFAULT]
interv_d = 604800
interv_h = 43200
interv_m = 14400
fctnmt = cloud

[UPDATES]
last_update_d = 2024-05-30 12:10:24.592999
last_update_h = 2024-05-30 12:21:31.706067
last_update_m = 2024-05-30 12:43:41.193527
last_update_v = 2023-10-25 16:52:16.653504

