[DEFAULT]
interv_d = 604800
interv_h = 43200
interv_m = 14400
fctnmt = cloud

[UPDATES]
last_update_d = 2026-05-26 08:10:55.153207
last_update_h = 2026-05-26 08:21:58.619829
last_update_m = 2026-05-26 08:43:59.159464
last_update_v = 2023-10-25 16:52:16.653504

