[DEFAULT]
interv_d = 604800
interv_h = 43200
interv_m = 14400
fctnmt = cloud

[UPDATES]
last_update_d = 2025-12-02 04:10:58.745665
last_update_h = 2025-12-02 04:22:08.072313
last_update_m = 2025-12-02 00:45:02.253547
last_update_v = 2023-10-25 16:52:16.653504

