[DEFAULT]
interv_d = 604800
interv_h = 43200
interv_m = 14400
fctnmt = cloud

[UPDATES]
last_update_d = 2024-05-10 12:10:24.276733
last_update_h = 2024-05-10 12:21:28.718035
last_update_m = 2024-05-10 08:42:50.516583
last_update_v = 2023-10-25 16:52:16.653504

