[DEFAULT]
interv_d = 604800
interv_h = 43200
interv_m = 14400
fctnmt = cloud

[UPDATES]
last_update_d = 2024-07-03 04:10:11.869110
last_update_h = 2024-07-03 04:21:01.485688
last_update_m = 2024-07-03 00:43:45.199843
last_update_v = 2023-10-25 16:52:16.653504

