[DEFAULT]
interv_d = 604800
interv_h = 43200
interv_m = 14400
fctnmt = cloud

[UPDATES]
last_update_d = 2025-12-01 16:11:02.145156
last_update_h = 2025-12-01 16:22:07.881305
last_update_m = 2025-12-01 12:44:44.553648
last_update_v = 2023-10-25 16:52:16.653504

