[DEFAULT]
interv_d = 604800
interv_h = 43200
interv_m = 14400
fctnmt = cloud

[UPDATES]
last_update_d = 2024-08-28 12:10:44.322406
last_update_h = 2024-08-28 12:22:01.832813
last_update_m = 2024-08-28 08:44:19.266593
last_update_v = 2023-10-25 16:52:16.653504

