[DEFAULT]
interv_d = 604800
interv_h = 43200
interv_m = 14400
fctnmt = cloud

[UPDATES]
last_update_d = 2025-10-05 08:10:48.243856
last_update_h = 2025-10-05 08:21:45.581044
last_update_m = 2025-10-05 08:43:40.860488
last_update_v = 2023-10-25 16:52:16.653504

