[DEFAULT]
interv_d = 604800
interv_h = 43200
interv_m = 14400
fctnmt = cloud

[UPDATES]
last_update_d = 2026-01-03 16:10:54.368561
last_update_h = 2026-01-03 16:21:59.275549
last_update_m = 2026-01-03 12:43:35.159132
last_update_v = 2023-10-25 16:52:16.653504

