[DEFAULT]
interv_d = 604800
interv_h = 43200
interv_m = 14400
fctnmt = cloud

[UPDATES]
last_update_d = 2025-02-26 00:10:47.900296
last_update_h = 2025-02-26 00:21:54.488274
last_update_m = 2025-02-25 20:44:23.769769
last_update_v = 2023-10-25 16:52:16.653504

