[DEFAULT]
interv_d = 604800
interv_h = 43200
interv_m = 14400
fctnmt = cloud

[UPDATES]
last_update_d = 2024-02-24 16:09:51.839511
last_update_h = 2024-02-24 16:20:38.734412
last_update_m = 2024-02-24 12:41:48.265871
last_update_v = 2023-10-25 16:52:16.653504

