[DEFAULT]
interv_d = 604800
interv_h = 43200
interv_m = 14400
fctnmt = cloud

[UPDATES]
last_update_d = 2024-12-28 00:10:43.877261
last_update_h = 2024-12-28 00:22:11.054442
last_update_m = 2024-12-27 20:43:46.707808
last_update_v = 2023-10-25 16:52:16.653504

