[DEFAULT]
interv_d = 604800
interv_h = 43200
interv_m = 14400
fctnmt = cloud

[UPDATES]
last_update_d = 2025-11-18 00:11:29.672207
last_update_h = 2025-11-18 00:23:17.058945
last_update_m = 2025-11-17 20:44:56.361829
last_update_v = 2023-10-25 16:52:16.653504

