[DEFAULT]
interv_d = 604800
interv_h = 43200
interv_m = 14400
fctnmt = cloud

[UPDATES]
last_update_d = 2023-11-06 19:30:59.649422
last_update_h = 2023-11-13 04:45:17.849389
last_update_m = 2023-11-13 05:29:02.043146
last_update_v = 2023-11-13 06:12:30.319051

