[DEFAULT]
interv_d = 604800
interv_h = 43200
interv_m = 14400
fctnmt = cloud

[UPDATES]
last_update_d = 2024-03-24 16:10:18.041441
last_update_h = 2024-03-24 16:21:39.325761
last_update_m = 2024-03-24 12:43:18.135419
last_update_v = 2023-10-25 16:52:16.653504

