[DEFAULT]
interv_d = 604800
interv_h = 43200
interv_m = 14400
fctnmt = cloud

[UPDATES]
last_update_d = 2025-10-18 08:11:11.960277
last_update_h = 2025-10-18 08:22:25.136438
last_update_m = 2025-10-18 04:44:09.527884
last_update_v = 2023-10-25 16:52:16.653504

