[DEFAULT]
interv_d = 604800
interv_h = 43200
interv_m = 14400
fctnmt = cloud

[UPDATES]
last_update_d = 2024-06-25 04:10:37.868756
last_update_h = 2024-06-25 04:21:59.171334
last_update_m = 2024-06-25 00:45:07.577315
last_update_v = 2023-10-25 16:52:16.653504

