[DEFAULT]
interv_d = 604800
interv_h = 43200
interv_m = 14400
fctnmt = cloud

[UPDATES]
last_update_d = 2025-10-10 12:10:50.578292
last_update_h = 2025-10-10 12:21:46.764922
last_update_m = 2025-10-10 08:43:27.129810
last_update_v = 2023-10-25 16:52:16.653504

