[DEFAULT]
interv_d = 604800
interv_h = 43200
interv_m = 14400
fctnmt = cloud

[UPDATES]
last_update_d = 2024-02-13 16:09:43.247244
last_update_h = 2024-02-13 16:20:18.843691
last_update_m = 2024-02-13 12:42:33.244380
last_update_v = 2023-10-25 16:52:16.653504

