[DEFAULT]
interv_d = 604800
interv_h = 43200
interv_m = 14400
fctnmt = cloud

[UPDATES]
last_update_d = 2024-11-30 08:10:27.003686
last_update_h = 2024-11-30 08:21:13.269294
last_update_m = 2024-11-30 08:42:54.189987
last_update_v = 2023-10-25 16:52:16.653504

