[DEFAULT]
interv_d = 604800
interv_h = 43200
interv_m = 14400
fctnmt = cloud

[UPDATES]
last_update_d = 2026-06-23 12:10:54.460696
last_update_h = 2026-06-23 12:21:46.872508
last_update_m = 2026-06-23 12:43:43.416646
last_update_v = 2023-10-25 16:52:16.653504

