[DEFAULT]
interv_d = 604800
interv_h = 43200
interv_m = 14400
fctnmt = cloud

[UPDATES]
last_update_d = 2025-12-03 16:11:16.077230
last_update_h = 2025-12-03 16:22:28.145842
last_update_m = 2025-12-03 16:44:43.358460
last_update_v = 2023-10-25 16:52:16.653504

