[DEFAULT]
interv_d = 604800
interv_h = 43200
interv_m = 14400
fctnmt = cloud

[UPDATES]
last_update_d = 2024-09-12 04:10:25.260796
last_update_h = 2024-09-12 04:21:23.406591
last_update_m = 2024-09-12 04:43:07.991627
last_update_v = 2023-10-25 16:52:16.653504

