[DEFAULT]
interv_d = 604800
interv_h = 43200
interv_m = 14400
fctnmt = cloud

[UPDATES]
last_update_d = 2025-12-26 00:11:14.849103
last_update_h = 2025-12-26 00:22:58.854352
last_update_m = 2025-12-25 20:44:37.833883
last_update_v = 2023-10-25 16:52:16.653504

