[DEFAULT]
interv_d = 604800
interv_h = 43200
interv_m = 14400
fctnmt = cloud

[UPDATES]
last_update_d = 2025-10-09 08:10:55.378620
last_update_h = 2025-10-09 08:21:57.454225
last_update_m = 2025-10-09 08:43:57.051401
last_update_v = 2023-10-25 16:52:16.653504

