[DEFAULT]
interv_d = 604800
interv_h = 43200
interv_m = 14400
fctnmt = cloud

[UPDATES]
last_update_d = 2024-08-05 08:10:24.336417
last_update_h = 2024-08-05 08:21:30.847386
last_update_m = 2024-08-05 08:43:35.657042
last_update_v = 2023-10-25 16:52:16.653504

