[DEFAULT]
interv_d = 604800
interv_h = 43200
interv_m = 14400
fctnmt = cloud

[UPDATES]
last_update_d = 2026-03-25 08:10:56.452166
last_update_h = 2026-03-25 08:21:58.443248
last_update_m = 2026-03-25 04:43:59.744342
last_update_v = 2023-10-25 16:52:16.653504

