[DEFAULT]
interv_d = 604800
interv_h = 43200
interv_m = 14400
fctnmt = cloud

[UPDATES]
last_update_d = 2025-03-13 12:10:50.864435
last_update_h = 2025-03-13 12:21:55.663424
last_update_m = 2025-03-13 08:44:41.263153
last_update_v = 2023-10-25 16:52:16.653504

