[DEFAULT]
interv_d = 604800
interv_h = 43200
interv_m = 14400
fctnmt = cloud

[UPDATES]
last_update_d = 2025-06-15 04:11:21.138066
last_update_h = 2025-06-15 04:23:28.056140
last_update_m = 2025-06-15 00:47:24.861304
last_update_v = 2023-10-25 16:52:16.653504

