[DEFAULT]
interv_d = 604800
interv_h = 43200
interv_m = 14400
fctnmt = cloud

[UPDATES]
last_update_d = 2024-02-02 16:09:41.564502
last_update_h = 2024-02-02 16:20:19.046732
last_update_m = 2024-02-02 16:41:26.154247
last_update_v = 2023-10-25 16:52:16.653504

