[DEFAULT]
interv_d = 604800
interv_h = 43200
interv_m = 14400
fctnmt = cloud

[UPDATES]
last_update_d = 2024-10-23 12:10:00.697166
last_update_h = 2024-10-23 12:20:23.474626
last_update_m = 2024-10-23 12:41:16.173079
last_update_v = 2023-10-25 16:52:16.653504

