[DEFAULT]
interv_d = 604800
interv_h = 43200
interv_m = 14400
fctnmt = cloud

[UPDATES]
last_update_d = 2026-05-26 00:10:53.238242
last_update_h = 2026-05-26 00:22:09.760531
last_update_m = 2026-05-26 00:44:01.820576
last_update_v = 2023-10-25 16:52:16.653504

