[DEFAULT]
interv_d = 604800
interv_h = 43200
interv_m = 14400
fctnmt = cloud

[UPDATES]
last_update_d = 2025-05-27 08:10:47.059285
last_update_h = 2025-05-27 08:21:41.162244
last_update_m = 2025-05-27 04:44:05.480956
last_update_v = 2023-10-25 16:52:16.653504

