[DEFAULT]
interv_d = 604800
interv_h = 43200
interv_m = 14400
fctnmt = cloud

[UPDATES]
last_update_d = 2026-05-27 16:10:55.266460
last_update_h = 2026-05-27 16:21:52.848816
last_update_m = 2026-05-27 12:43:42.514028
last_update_v = 2023-10-25 16:52:16.653504

