[DEFAULT]
interv_d = 604800
interv_h = 43200
interv_m = 14400
fctnmt = cloud

[UPDATES]
last_update_d = 2026-07-17 00:11:16.322301
last_update_h = 2026-07-17 00:22:53.721661
last_update_m = 2026-07-17 00:45:24.943050
last_update_v = 2023-10-25 16:52:16.653504

