[DEFAULT]
interv_d = 604800
interv_h = 43200
interv_m = 14400
fctnmt = cloud

[UPDATES]
last_update_d = 2025-11-13 00:11:21.251587
last_update_h = 2025-11-13 00:23:03.444029
last_update_m = 2025-11-12 20:45:28.862195
last_update_v = 2023-10-25 16:52:16.653504

