[DEFAULT]
interv_d = 604800
interv_h = 43200
interv_m = 14400
fctnmt = cloud

[UPDATES]
last_update_d = 2025-01-02 20:10:45.267851
last_update_h = 2025-01-02 20:21:47.805524
last_update_m = 2025-01-02 20:44:03.000703
last_update_v = 2023-10-25 16:52:16.653504

