[DEFAULT]
interv_d = 604800
interv_h = 43200
interv_m = 14400
fctnmt = cloud

[UPDATES]
last_update_d = 2026-07-04 16:10:49.149845
last_update_h = 2026-07-04 16:21:54.437229
last_update_m = 2026-07-04 12:44:32.774459
last_update_v = 2023-10-25 16:52:16.653504

