[DEFAULT]
interv_d = 604800
interv_h = 43200
interv_m = 14400
fctnmt = cloud

[UPDATES]
last_update_d = 2025-06-28 00:12:56.250059
last_update_h = 2025-06-28 00:23:57.650081
last_update_m = 2025-06-27 20:43:58.879746
last_update_v = 2023-10-25 16:52:16.653504

