[DEFAULT]
interv_d = 604800
interv_h = 43200
interv_m = 14400
fctnmt = cloud

[UPDATES]
last_update_d = 2024-01-09 20:09:38.434286
last_update_h = 2024-01-09 20:19:58.654005
last_update_m = 2024-01-09 17:18:01.252647
last_update_v = 2023-10-25 16:52:16.653504

