[DEFAULT]
interv_d = 604800
interv_h = 43200
interv_m = 14400
fctnmt = cloud

[UPDATES]
last_update_d = 2026-02-22 20:11:11.664538
last_update_h = 2026-02-22 20:22:42.754222
last_update_m = 2026-02-22 20:45:12.764638
last_update_v = 2023-10-25 16:52:16.653504

