[DEFAULT]
interv_d = 604800
interv_h = 43200
interv_m = 14400
fctnmt = cloud

[UPDATES]
last_update_d = 2025-09-08 04:10:52.541262
last_update_h = 2025-09-08 04:21:55.879802
last_update_m = 2025-09-08 00:44:51.455108
last_update_v = 2023-10-25 16:52:16.653504

