[DEFAULT]
interv_d = 604800
interv_h = 43200
interv_m = 14400
fctnmt = cloud

[UPDATES]
last_update_d = 2026-07-09 20:11:13.740425
last_update_h = 2026-07-09 20:22:22.441084
last_update_m = 2026-07-09 20:44:54.662982
last_update_v = 2023-10-25 16:52:16.653504

