[DEFAULT]
interv_d = 604800
interv_h = 43200
interv_m = 14400
fctnmt = cloud

[UPDATES]
last_update_d = 2026-06-09 00:10:52.826061
last_update_h = 2026-06-09 00:22:09.053560
last_update_m = 2026-06-08 20:43:41.970278
last_update_v = 2023-10-25 16:52:16.653504

