[DEFAULT]
interv_d = 604800
interv_h = 43200
interv_m = 14400
fctnmt = cloud

[UPDATES]
last_update_d = 2025-03-03 08:10:52.113650
last_update_h = 2025-03-03 08:21:55.587119
last_update_m = 2025-03-03 04:44:03.081707
last_update_v = 2023-10-25 16:52:16.653504

