[DEFAULT]
interv_d = 604800
interv_h = 43200
interv_m = 14400
fctnmt = cloud

[UPDATES]
last_update_d = 2024-11-05 16:10:00.864550
last_update_h = 2024-11-05 16:20:16.568936
last_update_m = 2024-11-05 12:40:56.977700
last_update_v = 2023-10-25 16:52:16.653504

