[DEFAULT]
interv_d = 604800
interv_h = 43200
interv_m = 14400
fctnmt = cloud

[UPDATES]
last_update_d = 2026-03-05 20:10:59.714278
last_update_h = 2026-03-05 20:21:58.140697
last_update_m = 2026-03-05 20:43:41.244816
last_update_v = 2023-10-25 16:52:16.653504

