[DEFAULT]
interv_d = 604800
interv_h = 43200
interv_m = 14400
fctnmt = cloud

[UPDATES]
last_update_d = 2024-10-23 08:09:58.176579
last_update_h = 2024-10-23 08:20:37.596184
last_update_m = 2024-10-23 08:41:28.377174
last_update_v = 2023-10-25 16:52:16.653504

