[DEFAULT]
interv_d = 604800
interv_h = 43200
interv_m = 14400
fctnmt = cloud

[UPDATES]
last_update_d = 2025-12-14 16:10:55.370139
last_update_h = 2025-12-14 16:22:06.289590
last_update_m = 2025-12-14 12:44:10.888593
last_update_v = 2023-10-25 16:52:16.653504

