[DEFAULT]
interv_d = 604800
interv_h = 43200
interv_m = 14400
fctnmt = cloud

[UPDATES]
last_update_d = 2024-02-16 08:09:51.564916
last_update_h = 2024-02-16 08:20:35.626302
last_update_m = 2024-02-16 08:42:17.856609
last_update_v = 2023-10-25 16:52:16.653504

