[DEFAULT]
interv_d = 604800
interv_h = 43200
interv_m = 14400
fctnmt = cloud

[UPDATES]
last_update_d = 2026-02-23 08:10:57.049164
last_update_h = 2026-02-23 08:22:08.729977
last_update_m = 2026-02-23 08:45:05.780988
last_update_v = 2023-10-25 16:52:16.653504

