[DEFAULT]
interv_d = 604800
interv_h = 43200
interv_m = 14400
fctnmt = cloud

[UPDATES]
last_update_d = 2025-01-06 08:10:48.192184
last_update_h = 2025-01-06 08:21:56.289265
last_update_m = 2025-01-06 04:43:50.309074
last_update_v = 2023-10-25 16:52:16.653504

