[DEFAULT]
interv_d = 604800
interv_h = 43200
interv_m = 14400
fctnmt = cloud

[UPDATES]
last_update_d = 2024-06-29 04:10:15.580238
last_update_h = 2024-06-29 04:21:02.552916
last_update_m = 2024-06-29 04:42:53.275767
last_update_v = 2023-10-25 16:52:16.653504

