[DEFAULT]
interv_d = 604800
interv_h = 43200
interv_m = 14400
fctnmt = cloud

[UPDATES]
last_update_d = 2024-05-11 16:10:15.921008
last_update_h = 2024-05-11 16:21:11.630303
last_update_m = 2024-05-11 12:43:06.311945
last_update_v = 2023-10-25 16:52:16.653504

