[DEFAULT]
interv_d = 604800
interv_h = 43200
interv_m = 14400
fctnmt = cloud

[UPDATES]
last_update_d = 2026-03-18 08:11:05.834146
last_update_h = 2026-03-18 08:22:14.743807
last_update_m = 2026-03-18 04:44:27.968070
last_update_v = 2023-10-25 16:52:16.653504

