[DEFAULT]
interv_d = 604800
interv_h = 43200
interv_m = 14400
fctnmt = cloud

[UPDATES]
last_update_d = 2025-10-17 08:10:52.345582
last_update_h = 2025-10-17 08:21:56.328195
last_update_m = 2025-10-17 08:44:23.027126
last_update_v = 2023-10-25 16:52:16.653504

