[DEFAULT]
interv_d = 604800
interv_h = 43200
interv_m = 14400
fctnmt = cloud

[UPDATES]
last_update_d = 2025-11-27 20:11:04.563467
last_update_h = 2025-11-27 20:22:14.855577
last_update_m = 2025-11-27 20:44:34.253853
last_update_v = 2023-10-25 16:52:16.653504

