[DEFAULT]
interv_d = 604800
interv_h = 43200
interv_m = 14400
fctnmt = cloud

[UPDATES]
last_update_d = 2025-01-20 00:10:37.067075
last_update_h = 2025-01-20 00:21:40.201990
last_update_m = 2025-01-19 20:43:06.201438
last_update_v = 2023-10-25 16:52:16.653504

