[DEFAULT]
interv_d = 604800
interv_h = 43200
interv_m = 14400
fctnmt = cloud

[UPDATES]
last_update_d = 2026-02-01 08:11:02.951562
last_update_h = 2026-02-01 08:22:17.178436
last_update_m = 2026-02-01 08:44:31.061752
last_update_v = 2023-10-25 16:52:16.653504

