[DEFAULT]
interv_d = 604800
interv_h = 43200
interv_m = 14400
fctnmt = cloud

[UPDATES]
last_update_d = 2025-05-26 00:10:53.132456
last_update_h = 2025-05-26 00:22:04.448544
last_update_m = 2025-05-25 20:44:54.760037
last_update_v = 2023-10-25 16:52:16.653504

