[DEFAULT]
interv_d = 604800
interv_h = 43200
interv_m = 14400
fctnmt = cloud

[UPDATES]
last_update_d = 2025-11-02 12:10:55.761977
last_update_h = 2025-11-02 12:21:49.566905
last_update_m = 2025-11-02 12:43:52.341355
last_update_v = 2023-10-25 16:52:16.653504

