[DEFAULT]
interv_d = 604800
interv_h = 43200
interv_m = 14400
fctnmt = cloud

[UPDATES]
last_update_d = 2025-12-13 12:11:02.542209
last_update_h = 2025-12-13 12:22:10.645403
last_update_m = 2025-12-13 12:44:17.547689
last_update_v = 2023-10-25 16:52:16.653504

