[DEFAULT]
interv_d = 604800
interv_h = 43200
interv_m = 14400
fctnmt = cloud

[UPDATES]
last_update_d = 2025-11-18 08:11:10.462958
last_update_h = 2025-11-18 08:22:52.342044
last_update_m = 2025-11-18 04:45:16.461358
last_update_v = 2023-10-25 16:52:16.653504

