[DEFAULT]
interv_d = 604800
interv_h = 43200
interv_m = 14400
fctnmt = cloud

[UPDATES]
last_update_d = 2024-07-02 16:10:22.290854
last_update_h = 2024-07-02 16:21:16.987286
last_update_m = 2024-07-02 16:43:20.253742
last_update_v = 2023-10-25 16:52:16.653504

