[DEFAULT]
interv_d = 604800
interv_h = 43200
interv_m = 14400
fctnmt = cloud

[UPDATES]
last_update_d = 2025-08-29 08:10:51.459094
last_update_h = 2025-08-29 08:21:50.876951
last_update_m = 2025-08-29 04:44:34.064972
last_update_v = 2023-10-25 16:52:16.653504

