[DEFAULT]
interv_d = 604800
interv_h = 43200
interv_m = 14400
fctnmt = cloud

[UPDATES]
last_update_d = 2026-04-19 16:10:52.334750
last_update_h = 2026-04-19 16:21:50.356848
last_update_m = 2026-04-19 12:44:04.151365
last_update_v = 2023-10-25 16:52:16.653504

