[DEFAULT]
interv_d = 604800
interv_h = 43200
interv_m = 14400
fctnmt = cloud

[UPDATES]
last_update_d = 2024-07-24 00:10:17.426570
last_update_h = 2024-07-24 00:20:56.763473
last_update_m = 2024-07-23 20:42:26.240448
last_update_v = 2023-10-25 16:52:16.653504

