[DEFAULT]
interv_d = 604800
interv_h = 43200
interv_m = 14400
fctnmt = cloud

[UPDATES]
last_update_d = 2024-11-24 16:10:08.190058
last_update_h = 2024-11-24 16:20:38.885986
last_update_m = 2024-11-24 16:41:44.646317
last_update_v = 2023-10-25 16:52:16.653504

