[DEFAULT]
interv_d = 604800
interv_h = 43200
interv_m = 14400
fctnmt = cloud

[UPDATES]
last_update_d = 2024-03-22 00:10:08.532234
last_update_h = 2024-03-22 00:21:17.360754
last_update_m = 2024-03-21 20:44:22.377979
last_update_v = 2023-10-25 16:52:16.653504

