[DEFAULT]
interv_d = 604800
interv_h = 43200
interv_m = 14400
fctnmt = cloud

[UPDATES]
last_update_d = 2026-03-30 16:10:52.348014
last_update_h = 2026-03-30 16:21:47.761193
last_update_m = 2026-03-30 16:43:49.737984
last_update_v = 2023-10-25 16:52:16.653504

