[DEFAULT]
interv_d = 604800
interv_h = 43200
interv_m = 14400
fctnmt = cloud

[UPDATES]
last_update_d = 2024-12-10 08:10:44.188085
last_update_h = 2024-12-10 08:21:44.957496
last_update_m = 2024-12-10 08:43:46.389561
last_update_v = 2023-10-25 16:52:16.653504

