[DEFAULT]
interv_d = 604800
interv_h = 43200
interv_m = 14400
fctnmt = cloud

[UPDATES]
last_update_d = 2025-11-19 16:10:59.742375
last_update_h = 2025-11-19 16:22:08.764402
last_update_m = 2025-11-19 12:44:15.574206
last_update_v = 2023-10-25 16:52:16.653504

