[DEFAULT]
interv_d = 604800
interv_h = 43200
interv_m = 14400
fctnmt = cloud

[UPDATES]
last_update_d = 2024-10-16 16:09:54.794374
last_update_h = 2024-10-16 16:20:16.781414
last_update_m = 2024-10-16 16:40:58.987492
last_update_v = 2023-10-25 16:52:16.653504

