[DEFAULT]
interv_d = 604800
interv_h = 43200
interv_m = 14400
fctnmt = cloud

[UPDATES]
last_update_d = 2024-10-02 00:10:00.577921
last_update_h = 2024-10-02 00:20:23.356949
last_update_m = 2024-10-01 20:40:44.966712
last_update_v = 2023-10-25 16:52:16.653504

