[DEFAULT]
interv_d = 604800
interv_h = 43200
interv_m = 14400
fctnmt = cloud

[UPDATES]
last_update_d = 2026-03-15 20:10:57.057230
last_update_h = 2026-03-15 20:21:55.150028
last_update_m = 2026-03-15 20:43:59.613327
last_update_v = 2023-10-25 16:52:16.653504

