[DEFAULT]
interv_d = 604800
interv_h = 43200
interv_m = 14400
fctnmt = cloud

[UPDATES]
last_update_d = 2025-03-31 08:10:54.685166
last_update_h = 2025-03-31 08:22:03.595584
last_update_m = 2025-03-31 04:45:06.798518
last_update_v = 2023-10-25 16:52:16.653504

