[DEFAULT]
interv_d = 604800
interv_h = 43200
interv_m = 14400
fctnmt = cloud

[UPDATES]
last_update_d = 2024-09-03 20:10:25.055706
last_update_h = 2024-09-03 20:21:19.359311
last_update_m = 2024-09-03 20:42:58.884179
last_update_v = 2023-10-25 16:52:16.653504

