[DEFAULT]
interv_d = 604800
interv_h = 43200
interv_m = 14400
fctnmt = cloud

[UPDATES]
last_update_d = 2026-06-13 00:10:52.375321
last_update_h = 2026-06-13 00:22:16.742517
last_update_m = 2026-06-12 20:43:56.563397
last_update_v = 2023-10-25 16:52:16.653504

