[DEFAULT]
interv_d = 604800
interv_h = 43200
interv_m = 14400
fctnmt = cloud

[UPDATES]
last_update_d = 2026-04-15 08:10:53.535455
last_update_h = 2026-04-15 08:21:47.650678
last_update_m = 2026-04-15 04:44:30.762349
last_update_v = 2023-10-25 16:52:16.653504

