[DEFAULT]
interv_d = 604800
interv_h = 43200
interv_m = 14400
fctnmt = cloud

[UPDATES]
last_update_d = 2024-10-07 12:09:59.381001
last_update_h = 2024-10-07 12:20:19.889073
last_update_m = 2024-10-07 12:41:03.458546
last_update_v = 2023-10-25 16:52:16.653504

