[DEFAULT]
interv_d = 604800
interv_h = 43200
interv_m = 14400
fctnmt = cloud

[UPDATES]
last_update_d = 2025-07-11 00:12:02.579911
last_update_h = 2025-07-11 00:24:16.760958
last_update_m = 2025-07-10 20:43:12.548716
last_update_v = 2023-10-25 16:52:16.653504

