[DEFAULT]
interv_d = 604800
interv_h = 43200
interv_m = 14400
fctnmt = cloud

[UPDATES]
last_update_d = 2026-03-30 00:10:56.540894
last_update_h = 2026-03-30 00:22:25.856296
last_update_m = 2026-03-29 20:44:05.567662
last_update_v = 2023-10-25 16:52:16.653504

