[DEFAULT]
interv_d = 604800
interv_h = 43200
interv_m = 14400
fctnmt = cloud

[UPDATES]
last_update_d = 2024-08-31 04:10:59.732165
last_update_h = 2024-08-31 04:22:55.356944
last_update_m = 2024-08-31 00:44:53.140264
last_update_v = 2023-10-25 16:52:16.653504

