[DEFAULT]
interv_d = 604800
interv_h = 43200
interv_m = 14400
fctnmt = cloud

[UPDATES]
last_update_d = 2025-10-27 08:10:52.954715
last_update_h = 2025-10-27 08:21:54.745434
last_update_m = 2025-10-27 08:43:52.653565
last_update_v = 2023-10-25 16:52:16.653504

