[DEFAULT]
interv_d = 604800
interv_h = 43200
interv_m = 14400
fctnmt = cloud

[UPDATES]
last_update_d = 2025-07-04 20:11:58.441583
last_update_h = 2025-07-04 20:24:12.332594
last_update_m = 2025-07-04 16:50:10.030836
last_update_v = 2023-10-25 16:52:16.653504

