[DEFAULT]
interv_d = 604800
interv_h = 43200
interv_m = 14400
fctnmt = cloud

[UPDATES]
last_update_d = 2024-05-28 04:10:27.602706
last_update_h = 2024-05-28 04:21:40.181034
last_update_m = 2024-05-28 04:43:57.212419
last_update_v = 2023-10-25 16:52:16.653504

