[DEFAULT]
interv_d = 604800
interv_h = 43200
interv_m = 14400
fctnmt = cloud

[UPDATES]
last_update_d = 2023-11-13 20:44:47.436301
last_update_h = 2023-11-19 05:28:54.231522
last_update_m = 2023-11-19 13:28:20.442036
last_update_v = 2023-11-19 08:35:35.443918

