[DEFAULT]
interv_d = 604800
interv_h = 43200
interv_m = 14400
fctnmt = cloud

[UPDATES]
last_update_d = 2025-04-30 08:10:52.879207
last_update_h = 2025-04-30 08:21:56.601491
last_update_m = 2025-04-30 08:44:19.258400
last_update_v = 2023-10-25 16:52:16.653504

