[DEFAULT]
interv_d = 604800
interv_h = 43200
interv_m = 14400
fctnmt = cloud

[UPDATES]
last_update_d = 2024-06-06 08:10:20.279683
last_update_h = 2024-06-06 08:21:27.211702
last_update_m = 2024-06-06 04:43:03.324498
last_update_v = 2023-10-25 16:52:16.653504

