[DEFAULT]
interv_d = 604800
interv_h = 43200
interv_m = 14400
fctnmt = cloud

[UPDATES]
last_update_d = 2026-04-15 16:10:46.627115
last_update_h = 2026-04-15 16:21:43.531638
last_update_m = 2026-04-15 16:43:41.048411
last_update_v = 2023-10-25 16:52:16.653504

