[DEFAULT]
interv_d = 604800
interv_h = 43200
interv_m = 14400
fctnmt = cloud

[UPDATES]
last_update_d = 2025-07-03 12:11:24.851636
last_update_h = 2025-07-03 12:22:57.627144
last_update_m = 2025-07-03 08:47:06.275251
last_update_v = 2023-10-25 16:52:16.653504

