[DEFAULT]
interv_d = 604800
interv_h = 43200
interv_m = 14400
fctnmt = cloud

[UPDATES]
last_update_d = 2025-10-10 00:10:58.958062
last_update_h = 2025-10-10 00:22:23.253829
last_update_m = 2025-10-10 00:44:43.661200
last_update_v = 2023-10-25 16:52:16.653504

