[DEFAULT]
interv_d = 604800
interv_h = 43200
interv_m = 14400
fctnmt = cloud

[UPDATES]
last_update_d = 2024-10-30 00:09:58.764836
last_update_h = 2024-10-30 00:20:25.875706
last_update_m = 2024-10-29 20:41:12.989600
last_update_v = 2023-10-25 16:52:16.653504

