[DEFAULT]
interv_d = 604800
interv_h = 43200
interv_m = 14400
fctnmt = cloud

[UPDATES]
last_update_d = 2025-08-12 20:10:55.569033
last_update_h = 2025-08-12 20:22:08.951253
last_update_m = 2025-08-12 16:44:21.175582
last_update_v = 2023-10-25 16:52:16.653504

