[DEFAULT]
interv_d = 604800
interv_h = 43200
interv_m = 14400
fctnmt = cloud

[UPDATES]
last_update_d = 2024-05-29 00:10:37.321052
last_update_h = 2024-05-29 00:22:07.215018
last_update_m = 2024-05-29 00:44:44.606250
last_update_v = 2023-10-25 16:52:16.653504

