[DEFAULT]
interv_d = 604800
interv_h = 43200
interv_m = 14400
fctnmt = cloud

[UPDATES]
last_update_d = 2024-06-22 08:10:15.203641
last_update_h = 2024-06-22 08:21:13.171291
last_update_m = 2024-06-22 08:43:17.181538
last_update_v = 2023-10-25 16:52:16.653504

