[DEFAULT]
interv_d = 604800
interv_h = 43200
interv_m = 14400
fctnmt = cloud

[UPDATES]
last_update_d = 2025-04-01 04:10:50.298322
last_update_h = 2025-04-01 04:22:05.595553
last_update_m = 2025-04-01 04:44:25.582370
last_update_v = 2023-10-25 16:52:16.653504

