[DEFAULT]
interv_d = 604800
interv_h = 43200
interv_m = 14400
fctnmt = cloud

[UPDATES]
last_update_d = 2024-03-23 20:10:20.223599
last_update_h = 2024-03-23 20:21:30.158786
last_update_m = 2024-03-23 16:43:46.873510
last_update_v = 2023-10-25 16:52:16.653504

