[DEFAULT]
interv_d = 604800
interv_h = 43200
interv_m = 14400
fctnmt = cloud

[UPDATES]
last_update_d = 2026-04-20 20:10:57.160067
last_update_h = 2026-04-20 20:21:53.452490
last_update_m = 2026-04-20 20:43:50.037903
last_update_v = 2023-10-25 16:52:16.653504

