[DEFAULT]
interv_d = 604800
interv_h = 43200
interv_m = 14400
fctnmt = cloud

[UPDATES]
last_update_d = 2025-01-09 08:10:40.810743
last_update_h = 2025-01-09 08:21:44.479591
last_update_m = 2025-01-09 08:43:55.272594
last_update_v = 2023-10-25 16:52:16.653504

