[DEFAULT]
interv_d = 604800
interv_h = 43200
interv_m = 14400
fctnmt = cloud

[UPDATES]
last_update_d = 2024-11-06 12:10:08.781156
last_update_h = 2024-11-06 12:20:38.990790
last_update_m = 2024-11-06 12:41:39.279904
last_update_v = 2023-10-25 16:52:16.653504

