[DEFAULT]
interv_d = 604800
interv_h = 43200
interv_m = 14400
fctnmt = cloud

[UPDATES]
last_update_d = 2026-01-05 12:10:53.773330
last_update_h = 2026-01-05 12:21:53.841992
last_update_m = 2026-01-05 08:44:01.482645
last_update_v = 2023-10-25 16:52:16.653504

