[DEFAULT]
interv_d = 604800
interv_h = 43200
interv_m = 14400
fctnmt = cloud

[UPDATES]
last_update_d = 2026-02-15 16:11:05.172371
last_update_h = 2026-02-15 16:22:18.263713
last_update_m = 2026-02-15 12:44:41.834802
last_update_v = 2023-10-25 16:52:16.653504

