[DEFAULT]
interv_d = 604800
interv_h = 43200
interv_m = 14400
fctnmt = cloud

[UPDATES]
last_update_d = 2025-04-12 20:10:55.256205
last_update_h = 2025-04-12 20:22:18.366123
last_update_m = 2025-04-12 20:44:46.698157
last_update_v = 2023-10-25 16:52:16.653504

