[DEFAULT]
interv_d = 604800
interv_h = 43200
interv_m = 14400
fctnmt = cloud

[UPDATES]
last_update_d = 2026-01-26 20:11:06.055553
last_update_h = 2026-01-26 20:22:19.059976
last_update_m = 2026-01-26 16:44:32.876361
last_update_v = 2023-10-25 16:52:16.653504

