[DEFAULT]
interv_d = 604800
interv_h = 43200
interv_m = 14400
fctnmt = cloud

[UPDATES]
last_update_d = 2024-03-21 16:10:42.129895
last_update_h = 2024-03-21 16:21:51.316807
last_update_m = 2024-03-21 16:44:08.015002
last_update_v = 2023-10-25 16:52:16.653504

