[DEFAULT]
interv_d = 604800
interv_h = 43200
interv_m = 14400
fctnmt = cloud

[UPDATES]
last_update_d = 2025-02-16 08:10:54.355893
last_update_h = 2025-02-16 08:22:03.859109
last_update_m = 2025-02-16 08:44:28.110885
last_update_v = 2023-10-25 16:52:16.653504

