[DEFAULT]
interv_d = 604800
interv_h = 43200
interv_m = 14400
fctnmt = cloud

[UPDATES]
last_update_d = 2026-02-24 04:10:56.940519
last_update_h = 2026-02-24 04:22:01.464346
last_update_m = 2026-02-24 00:44:56.441339
last_update_v = 2023-10-25 16:52:16.653504

