[DEFAULT]
interv_d = 604800
interv_h = 43200
interv_m = 14400
fctnmt = cloud

[UPDATES]
last_update_d = 2026-04-24 04:10:55.665118
last_update_h = 2026-04-24 04:21:58.022600
last_update_m = 2026-04-24 04:43:45.523991
last_update_v = 2023-10-25 16:52:16.653504

