[DEFAULT]
interv_d = 604800
interv_h = 43200
interv_m = 14400
fctnmt = cloud

[UPDATES]
last_update_d = 2026-05-23 08:10:58.341037
last_update_h = 2026-05-23 08:21:56.327182
last_update_m = 2026-05-23 08:43:44.328900
last_update_v = 2023-10-25 16:52:16.653504

