[DEFAULT]
interv_d = 604800
interv_h = 43200
interv_m = 14400
fctnmt = cloud

[UPDATES]
last_update_d = 2026-06-02 16:10:55.049383
last_update_h = 2026-06-02 16:21:50.665265
last_update_m = 2026-06-02 16:43:41.356930
last_update_v = 2023-10-25 16:52:16.653504

