[DEFAULT]
interv_d = 604800
interv_h = 43200
interv_m = 14400
fctnmt = cloud

[UPDATES]
last_update_d = 2026-07-01 12:10:58.146934
last_update_h = 2026-07-01 12:21:50.059187
last_update_m = 2026-07-01 08:44:33.256755
last_update_v = 2023-10-25 16:52:16.653504

