[DEFAULT]
interv_d = 604800
interv_h = 43200
interv_m = 14400
fctnmt = cloud

[UPDATES]
last_update_d = 2025-03-21 04:10:57.203234
last_update_h = 2025-03-21 04:22:06.992944
last_update_m = 2025-03-21 00:44:23.178754
last_update_v = 2023-10-25 16:52:16.653504

