[DEFAULT]
interv_d = 604800
interv_h = 43200
interv_m = 14400
fctnmt = cloud

[UPDATES]
last_update_d = 2025-12-03 12:11:01.951479
last_update_h = 2025-12-03 12:22:18.930678
last_update_m = 2025-12-03 08:44:30.158773
last_update_v = 2023-10-25 16:52:16.653504

