[DEFAULT]
interv_d = 604800
interv_h = 43200
interv_m = 14400
fctnmt = cloud

[UPDATES]
last_update_d = 2024-11-19 04:09:57.743656
last_update_h = 2024-11-19 04:20:12.657035
last_update_m = 2024-11-19 04:40:50.996881
last_update_v = 2023-10-25 16:52:16.653504

