[DEFAULT]
interv_d = 604800
interv_h = 43200
interv_m = 14400
fctnmt = cloud

[UPDATES]
last_update_d = 2025-08-15 04:11:01.277306
last_update_h = 2025-08-15 04:22:18.148026
last_update_m = 2025-08-15 00:45:10.948103
last_update_v = 2023-10-25 16:52:16.653504

