[DEFAULT]
interv_d = 604800
interv_h = 43200
interv_m = 14400
fctnmt = cloud

[UPDATES]
last_update_d = 2026-03-04 12:10:49.944347
last_update_h = 2026-03-04 12:21:49.865379
last_update_m = 2026-03-04 12:44:37.046822
last_update_v = 2023-10-25 16:52:16.653504

