[DEFAULT]
interv_d = 604800
interv_h = 43200
interv_m = 14400
fctnmt = cloud

[UPDATES]
last_update_d = 2024-08-27 20:10:53.362359
last_update_h = 2024-08-27 20:22:28.153893
last_update_m = 2024-08-27 16:45:56.468698
last_update_v = 2023-10-25 16:52:16.653504

