[DEFAULT]
interv_d = 604800
interv_h = 43200
interv_m = 14400
fctnmt = cloud

[UPDATES]
last_update_d = 2024-08-09 00:10:35.854372
last_update_h = 2024-08-09 00:21:50.431259
last_update_m = 2024-08-08 20:44:36.632968
last_update_v = 2023-10-25 16:52:16.653504

