[DEFAULT]
interv_d = 604800
interv_h = 43200
interv_m = 14400
fctnmt = cloud

[UPDATES]
last_update_d = 2025-11-02 04:10:42.856381
last_update_h = 2025-11-02 04:21:40.874380
last_update_m = 2025-11-02 00:44:03.344842
last_update_v = 2023-10-25 16:52:16.653504

