[DEFAULT]
interv_d = 604800
interv_h = 43200
interv_m = 14400
fctnmt = cloud

[UPDATES]
last_update_d = 2024-03-05 08:09:56.961379
last_update_h = 2024-03-05 08:20:49.351249
last_update_m = 2024-03-05 04:42:15.351708
last_update_v = 2023-10-25 16:52:16.653504

