[DEFAULT]
interv_d = 604800
interv_h = 43200
interv_m = 14400
fctnmt = cloud

[UPDATES]
last_update_d = 2026-01-05 00:10:51.368547
last_update_h = 2026-01-05 00:22:14.351497
last_update_m = 2026-01-05 00:44:10.990760
last_update_v = 2023-10-25 16:52:16.653504

