[DEFAULT]
interv_d = 604800
interv_h = 43200
interv_m = 14400
fctnmt = cloud

[UPDATES]
last_update_d = 2025-04-02 16:10:56.170055
last_update_h = 2025-04-02 16:22:13.472443
last_update_m = 2025-04-02 12:44:36.782399
last_update_v = 2023-10-25 16:52:16.653504

