[DEFAULT]
interv_d = 604800
interv_h = 43200
interv_m = 14400
fctnmt = cloud

[UPDATES]
last_update_d = 2026-07-05 12:10:56.545131
last_update_h = 2026-07-05 12:21:57.946849
last_update_m = 2026-07-05 08:44:38.439922
last_update_v = 2023-10-25 16:52:16.653504

