[DEFAULT]
interv_d = 604800
interv_h = 43200
interv_m = 14400
fctnmt = cloud

[UPDATES]
last_update_d = 2026-04-11 16:10:54.626049
last_update_h = 2026-04-11 16:21:47.820821
last_update_m = 2026-04-11 12:43:40.751598
last_update_v = 2023-10-25 16:52:16.653504

