[DEFAULT]
interv_d = 604800
interv_h = 43200
interv_m = 14400
fctnmt = cloud

[UPDATES]
last_update_d = 2024-11-21 20:09:56.686403
last_update_h = 2024-11-21 20:20:23.987020
last_update_m = 2024-11-21 20:41:05.470189
last_update_v = 2023-10-25 16:52:16.653504

