[DEFAULT]
interv_d = 604800
interv_h = 43200
interv_m = 14400
fctnmt = cloud

[UPDATES]
last_update_d = 2025-11-29 04:10:55.729594
last_update_h = 2025-11-29 04:22:15.567401
last_update_m = 2025-11-29 04:44:33.064147
last_update_v = 2023-10-25 16:52:16.653504

