[DEFAULT]
interv_d = 604800
interv_h = 43200
interv_m = 14400
fctnmt = cloud

[UPDATES]
last_update_d = 2024-08-20 20:10:49.058505
last_update_h = 2024-08-20 20:22:05.564835
last_update_m = 2024-08-20 16:44:32.851345
last_update_v = 2023-10-25 16:52:16.653504

