[DEFAULT]
interv_d = 604800
interv_h = 43200
interv_m = 14400
fctnmt = cloud

[UPDATES]
last_update_d = 2026-01-29 16:10:57.155735
last_update_h = 2026-01-29 16:22:00.082084
last_update_m = 2026-01-29 16:44:23.642916
last_update_v = 2023-10-25 16:52:16.653504

