[DEFAULT]
interv_d = 604800
interv_h = 43200
interv_m = 14400
fctnmt = cloud

[UPDATES]
last_update_d = 2024-01-13 00:09:31.147533
last_update_h = 2024-01-13 00:19:58.060575
last_update_m = 2024-01-13 00:40:54.933396
last_update_v = 2023-10-25 16:52:16.653504

