[DEFAULT]
interv_d = 604800
interv_h = 43200
interv_m = 14400
fctnmt = cloud

[UPDATES]
last_update_d = 2025-10-15 04:10:45.329692
last_update_h = 2025-10-15 04:21:44.930129
last_update_m = 2025-10-15 00:44:58.772220
last_update_v = 2023-10-25 16:52:16.653504

