[DEFAULT]
interv_d = 604800
interv_h = 43200
interv_m = 14400
fctnmt = cloud

[UPDATES]
last_update_d = 2024-12-31 12:10:44.783856
last_update_h = 2024-12-31 12:21:59.979729
last_update_m = 2024-12-31 12:44:48.105913
last_update_v = 2023-10-25 16:52:16.653504

