[DEFAULT]
interv_d = 604800
interv_h = 43200
interv_m = 14400
fctnmt = cloud

[UPDATES]
last_update_d = 2026-03-27 04:11:05.173239
last_update_h = 2026-03-27 04:22:06.643785
last_update_m = 2026-03-27 04:44:17.036647
last_update_v = 2023-10-25 16:52:16.653504

