[DEFAULT]
interv_d = 604800
interv_h = 43200
interv_m = 14400
fctnmt = cloud

[UPDATES]
last_update_d = 2024-01-15 04:09:32.954918
last_update_h = 2024-01-15 04:19:57.632532
last_update_m = 2024-01-15 00:41:01.166319
last_update_v = 2023-10-25 16:52:16.653504

