[DEFAULT]
interv_d = 604800
interv_h = 43200
interv_m = 14400
fctnmt = cloud

[UPDATES]
last_update_d = 2024-04-10 00:10:19.233038
last_update_h = 2024-04-10 00:21:34.657418
last_update_m = 2024-04-09 20:44:08.625542
last_update_v = 2023-10-25 16:52:16.653504

