[DEFAULT]
interv_d = 604800
interv_h = 43200
interv_m = 14400
fctnmt = cloud

[UPDATES]
last_update_d = 2024-04-06 08:10:15.059108
last_update_h = 2024-04-06 08:21:24.563501
last_update_m = 2024-04-06 04:43:36.647589
last_update_v = 2023-10-25 16:52:16.653504

