[DEFAULT]
interv_d = 604800
interv_h = 43200
interv_m = 14400
fctnmt = cloud

[UPDATES]
last_update_d = 2025-08-18 08:10:53.571281
last_update_h = 2025-08-18 08:22:05.884451
last_update_m = 2025-08-18 04:44:20.140040
last_update_v = 2023-10-25 16:52:16.653504

