[DEFAULT]
interv_d = 604800
interv_h = 43200
interv_m = 14400
fctnmt = cloud

[UPDATES]
last_update_d = 2026-02-27 16:10:58.552811
last_update_h = 2026-02-27 16:21:58.535577
last_update_m = 2026-02-27 12:44:42.727863
last_update_v = 2023-10-25 16:52:16.653504

