[DEFAULT]
interv_d = 604800
interv_h = 43200
interv_m = 14400
fctnmt = cloud

[UPDATES]
last_update_d = 2025-12-15 20:11:08.560517
last_update_h = 2025-12-15 20:22:18.371766
last_update_m = 2025-12-15 16:45:59.673072
last_update_v = 2023-10-25 16:52:16.653504

