[DEFAULT]
interv_d = 604800
interv_h = 43200
interv_m = 14400
fctnmt = cloud

[UPDATES]
last_update_d = 2024-03-04 16:09:49.824461
last_update_h = 2024-03-04 16:20:33.651997
last_update_m = 2024-03-04 12:42:23.214407
last_update_v = 2023-10-25 16:52:16.653504

