[DEFAULT]
interv_d = 604800
interv_h = 43200
interv_m = 14400
fctnmt = cloud

[UPDATES]
last_update_d = 2025-07-25 12:10:44.958368
last_update_h = 2025-07-25 12:21:38.057383
last_update_m = 2025-07-25 08:43:09.443998
last_update_v = 2023-10-25 16:52:16.653504

