[DEFAULT]
interv_d = 604800
interv_h = 43200
interv_m = 14400
fctnmt = cloud

[UPDATES]
last_update_d = 2026-04-07 08:11:08.626698
last_update_h = 2026-04-07 08:22:09.052648
last_update_m = 2026-04-07 08:44:12.539186
last_update_v = 2023-10-25 16:52:16.653504

