[DEFAULT]
interv_d = 604800
interv_h = 43200
interv_m = 14400
fctnmt = cloud

[UPDATES]
last_update_d = 2025-01-11 16:10:41.498821
last_update_h = 2025-01-11 16:21:40.099873
last_update_m = 2025-01-11 16:43:43.873275
last_update_v = 2023-10-25 16:52:16.653504

