[DEFAULT]
interv_d = 604800
interv_h = 43200
interv_m = 14400
fctnmt = cloud

[UPDATES]
last_update_d = 2024-07-17 12:10:32.594784
last_update_h = 2024-07-17 12:21:38.371390
last_update_m = 2024-07-17 08:43:31.703456
last_update_v = 2023-10-25 16:52:16.653504

