[DEFAULT]
interv_d = 604800
interv_h = 43200
interv_m = 14400
fctnmt = cloud

[UPDATES]
last_update_d = 2026-06-26 04:10:45.128784
last_update_h = 2026-06-26 04:21:43.048869
last_update_m = 2026-06-26 04:43:39.151189
last_update_v = 2023-10-25 16:52:16.653504

