[DEFAULT]
interv_d = 604800
interv_h = 43200
interv_m = 14400
fctnmt = cloud

[UPDATES]
last_update_d = 2026-03-27 16:11:02.341269
last_update_h = 2026-03-27 16:22:07.056006
last_update_m = 2026-03-27 12:44:34.413902
last_update_v = 2023-10-25 16:52:16.653504

