[DEFAULT]
interv_d = 604800
interv_h = 43200
interv_m = 14400
fctnmt = cloud

[UPDATES]
last_update_d = 2024-09-28 16:10:24.169401
last_update_h = 2024-09-28 16:21:10.398362
last_update_m = 2024-09-28 12:43:15.692115
last_update_v = 2023-10-25 16:52:16.653504

