[DEFAULT]
interv_d = 604800
interv_h = 43200
interv_m = 14400
fctnmt = cloud

[UPDATES]
last_update_d = 2024-01-09 16:47:01.625609
last_update_h = 2024-01-09 16:57:21.360351
last_update_m = 2024-01-09 14:21:35.659175
last_update_v = 2023-10-25 16:52:16.653504

