[DEFAULT]
interv_d = 604800
interv_h = 43200
interv_m = 14400
fctnmt = cloud

[UPDATES]
last_update_d = 2025-11-20 20:11:04.039928
last_update_h = 2025-11-20 20:22:23.227993
last_update_m = 2025-11-20 16:44:14.654728
last_update_v = 2023-10-25 16:52:16.653504

