[DEFAULT]
interv_d = 604800
interv_h = 43200
interv_m = 14400
fctnmt = cloud

[UPDATES]
last_update_d = 2025-07-11 08:10:35.855351
last_update_h = 2025-07-11 08:21:24.378549
last_update_m = 2025-07-11 04:44:28.780097
last_update_v = 2023-10-25 16:52:16.653504

