[DEFAULT]
interv_d = 604800
interv_h = 43200
interv_m = 14400
fctnmt = cloud

[UPDATES]
last_update_d = 2024-12-11 08:10:33.478820
last_update_h = 2024-12-11 08:21:31.680579
last_update_m = 2024-12-11 00:44:16.856462
last_update_v = 2023-10-25 16:52:16.653504

