[DEFAULT]
interv_d = 604800
interv_h = 43200
interv_m = 14400
fctnmt = cloud

[UPDATES]
last_update_d = 2023-12-30 08:09:33.356217
last_update_h = 2023-12-30 08:19:40.425396
last_update_m = 2023-12-30 08:40:12.530327
last_update_v = 2023-10-25 16:52:16.653504

