[DEFAULT]
interv_d = 604800
interv_h = 43200
interv_m = 14400
fctnmt = cloud

[UPDATES]
last_update_d = 2024-02-20 00:10:02.331333
last_update_h = 2024-02-20 00:20:50.655093
last_update_m = 2024-02-19 20:42:07.262138
last_update_v = 2023-10-25 16:52:16.653504

