[DEFAULT]
interv_d = 604800
interv_h = 43200
interv_m = 14400
fctnmt = cloud

[UPDATES]
last_update_d = 2024-10-24 12:09:59.971112
last_update_h = 2024-10-24 12:20:15.451999
last_update_m = 2024-10-24 08:40:45.459288
last_update_v = 2023-10-25 16:52:16.653504

