[DEFAULT]
interv_d = 604800
interv_h = 43200
interv_m = 14400
fctnmt = cloud

[UPDATES]
last_update_d = 2026-05-21 20:11:03.214408
last_update_h = 2026-05-21 20:22:00.541080
last_update_m = 2026-05-21 20:43:56.258001
last_update_v = 2023-10-25 16:52:16.653504

