[DEFAULT]
interv_d = 604800
interv_h = 43200
interv_m = 14400
fctnmt = cloud

[UPDATES]
last_update_d = 2025-10-21 12:10:48.365355
last_update_h = 2025-10-21 12:21:47.568649
last_update_m = 2025-10-21 08:43:38.355621
last_update_v = 2023-10-25 16:52:16.653504

