[DEFAULT]
interv_d = 604800
interv_h = 43200
interv_m = 14400
fctnmt = cloud

[UPDATES]
last_update_d = 2026-01-25 20:10:54.453252
last_update_h = 2026-01-25 20:22:05.348075
last_update_m = 2026-01-25 16:44:30.565049
last_update_v = 2023-10-25 16:52:16.653504

