[DEFAULT]
interv_d = 604800
interv_h = 43200
interv_m = 14400
fctnmt = cloud

[UPDATES]
last_update_d = 2025-12-24 08:11:22.863416
last_update_h = 2025-12-24 08:22:30.954919
last_update_m = 2025-12-24 08:44:41.366254
last_update_v = 2023-10-25 16:52:16.653504

