[DEFAULT]
interv_d = 604800
interv_h = 43200
interv_m = 14400
fctnmt = cloud

[UPDATES]
last_update_d = 2024-05-29 16:10:26.306424
last_update_h = 2024-05-29 16:21:20.803263
last_update_m = 2024-05-29 12:43:14.131006
last_update_v = 2023-10-25 16:52:16.653504

