[DEFAULT]
interv_d = 604800
interv_h = 43200
interv_m = 14400
fctnmt = cloud

[UPDATES]
last_update_d = 2026-02-27 04:10:49.865497
last_update_h = 2026-02-27 04:21:45.038282
last_update_m = 2026-02-27 00:44:42.728314
last_update_v = 2023-10-25 16:52:16.653504

