[DEFAULT]
interv_d = 604800
interv_h = 43200
interv_m = 14400
fctnmt = cloud

[UPDATES]
last_update_d = 2025-12-14 00:10:57.964777
last_update_h = 2025-12-14 00:22:29.474520
last_update_m = 2025-12-14 00:45:02.762357
last_update_v = 2023-10-25 16:52:16.653504

