[DEFAULT]
interv_d = 604800
interv_h = 43200
interv_m = 14400
fctnmt = cloud

[UPDATES]
last_update_d = 2025-11-24 20:10:53.878363
last_update_h = 2025-11-24 20:21:55.178080
last_update_m = 2025-11-24 16:44:54.251036
last_update_v = 2023-10-25 16:52:16.653504

