[DEFAULT]
interv_d = 604800
interv_h = 43200
interv_m = 14400
fctnmt = cloud

[UPDATES]
last_update_d = 2024-11-23 20:09:56.854579
last_update_h = 2024-11-23 20:20:11.964025
last_update_m = 2024-11-23 16:40:57.881124
last_update_v = 2023-10-25 16:52:16.653504

