[DEFAULT]
interv_d = 604800
interv_h = 43200
interv_m = 14400
fctnmt = cloud

[UPDATES]
last_update_d = 2026-04-20 16:10:53.016327
last_update_h = 2026-04-20 16:21:48.221509
last_update_m = 2026-04-20 16:43:33.535766
last_update_v = 2023-10-25 16:52:16.653504

