[DEFAULT]
interv_d = 604800
interv_h = 43200
interv_m = 14400
fctnmt = cloud

[UPDATES]
last_update_d = 2025-03-08 08:10:42.255814
last_update_h = 2025-03-08 08:21:33.799269
last_update_m = 2025-03-08 04:43:51.368557
last_update_v = 2023-10-25 16:52:16.653504

