[DEFAULT]
interv_d = 604800
interv_h = 43200
interv_m = 14400
fctnmt = cloud

[UPDATES]
last_update_d = 2026-06-05 00:10:58.716082
last_update_h = 2026-06-05 00:22:09.748114
last_update_m = 2026-06-04 20:43:58.859074
last_update_v = 2023-10-25 16:52:16.653504

