[DEFAULT]
interv_d = 604800
interv_h = 43200
interv_m = 14400
fctnmt = cloud

[UPDATES]
last_update_d = 2026-03-02 16:10:55.460609
last_update_h = 2026-03-02 16:22:00.233008
last_update_m = 2026-03-02 16:44:03.923205
last_update_v = 2023-10-25 16:52:16.653504

