[DEFAULT]
interv_d = 604800
interv_h = 43200
interv_m = 14400
fctnmt = cloud

[UPDATES]
last_update_d = 2025-06-15 20:11:05.855074
last_update_h = 2025-06-15 20:23:09.546865
last_update_m = 2025-06-15 16:43:38.559944
last_update_v = 2023-10-25 16:52:16.653504

