[DEFAULT]
interv_d = 604800
interv_h = 43200
interv_m = 14400
fctnmt = cloud

[UPDATES]
last_update_d = 2026-07-10 20:11:00.046061
last_update_h = 2026-07-10 20:22:39.247918
last_update_m = 2026-07-10 20:44:52.353948
last_update_v = 2023-10-25 16:52:16.653504

