[DEFAULT]
interv_d = 604800
interv_h = 43200
interv_m = 14400
fctnmt = cloud

[UPDATES]
last_update_d = 2025-03-15 20:10:51.882724
last_update_h = 2025-03-15 20:21:57.967873
last_update_m = 2025-03-15 20:44:13.509770
last_update_v = 2023-10-25 16:52:16.653504

