[DEFAULT]
interv_d = 604800
interv_h = 43200
interv_m = 14400
fctnmt = cloud

[UPDATES]
last_update_d = 2024-08-19 16:10:50.122211
last_update_h = 2024-08-19 16:22:08.342262
last_update_m = 2024-08-19 16:44:44.259456
last_update_v = 2023-10-25 16:52:16.653504

