[DEFAULT]
interv_d = 604800
interv_h = 43200
interv_m = 14400
fctnmt = cloud

[UPDATES]
last_update_d = 2025-10-03 16:11:17.648587
last_update_h = 2025-10-03 16:22:40.352023
last_update_m = 2025-10-03 16:45:19.270425
last_update_v = 2023-10-25 16:52:16.653504

