[DEFAULT]
interv_d = 604800
interv_h = 43200
interv_m = 14400
fctnmt = cloud

[UPDATES]
last_update_d = 2025-03-01 04:10:43.690932
last_update_h = 2025-03-01 04:21:44.698705
last_update_m = 2025-03-01 00:44:20.883647
last_update_v = 2023-10-25 16:52:16.653504

