[DEFAULT]
interv_d = 604800
interv_h = 43200
interv_m = 14400
fctnmt = cloud

[UPDATES]
last_update_d = 2025-03-08 00:10:40.211941
last_update_h = 2025-03-08 00:22:07.377033
last_update_m = 2025-03-07 20:43:51.389276
last_update_v = 2023-10-25 16:52:16.653504

