[DEFAULT]
interv_d = 604800
interv_h = 43200
interv_m = 14400
fctnmt = cloud

[UPDATES]
last_update_d = 2025-05-18 00:10:40.156117
last_update_h = 2025-05-18 00:21:57.929071
last_update_m = 2025-05-17 20:43:33.680182
last_update_v = 2023-10-25 16:52:16.653504

