[DEFAULT]
interv_d = 604800
interv_h = 43200
interv_m = 14400
fctnmt = cloud

[UPDATES]
last_update_d = 2024-10-13 20:09:53.162949
last_update_h = 2024-10-13 20:20:18.067612
last_update_m = 2024-10-13 16:41:10.673152
last_update_v = 2023-10-25 16:52:16.653504

