[DEFAULT]
interv_d = 604800
interv_h = 43200
interv_m = 14400
fctnmt = cloud

[UPDATES]
last_update_d = 2024-10-09 12:09:57.194764
last_update_h = 2024-10-09 12:20:22.645033
last_update_m = 2024-10-09 08:41:12.858516
last_update_v = 2023-10-25 16:52:16.653504

