[DEFAULT]
interv_d = 604800
interv_h = 43200
interv_m = 14400
fctnmt = cloud

[UPDATES]
last_update_d = 2024-06-01 00:10:07.907072
last_update_h = 2024-06-01 00:21:19.520034
last_update_m = 2024-05-31 20:43:18.130579
last_update_v = 2023-10-25 16:52:16.653504

