[DEFAULT]
interv_d = 604800
interv_h = 43200
interv_m = 14400
fctnmt = cloud

[UPDATES]
last_update_d = 2026-05-24 16:10:51.813038
last_update_h = 2026-05-24 16:21:50.057904
last_update_m = 2026-05-24 12:43:40.565131
last_update_v = 2023-10-25 16:52:16.653504

