[DEFAULT]
interv_d = 604800
interv_h = 43200
interv_m = 14400
fctnmt = cloud

[UPDATES]
last_update_d = 2025-06-21 16:11:52.336553
last_update_h = 2025-06-21 16:22:51.372975
last_update_m = 2025-06-21 16:46:22.073584
last_update_v = 2023-10-25 16:52:16.653504

