[DEFAULT]
interv_d = 604800
interv_h = 43200
interv_m = 14400
fctnmt = cloud

[UPDATES]
last_update_d = 2024-11-17 20:09:52.167002
last_update_h = 2024-11-17 20:20:08.554728
last_update_m = 2024-11-17 20:40:36.275848
last_update_v = 2023-10-25 16:52:16.653504

