[DEFAULT]
interv_d = 604800
interv_h = 43200
interv_m = 14400
fctnmt = cloud

[UPDATES]
last_update_d = 2024-05-27 20:10:25.228038
last_update_h = 2024-05-27 20:21:33.678847
last_update_m = 2024-05-27 16:43:48.097344
last_update_v = 2023-10-25 16:52:16.653504

