[DEFAULT]
interv_d = 604800
interv_h = 43200
interv_m = 14400
fctnmt = cloud

[UPDATES]
last_update_d = 2024-10-17 16:09:57.059274
last_update_h = 2024-10-17 16:20:14.674029
last_update_m = 2024-10-17 12:41:07.787096
last_update_v = 2023-10-25 16:52:16.653504

