[DEFAULT]
interv_d = 604800
interv_h = 43200
interv_m = 14400
fctnmt = cloud

[UPDATES]
last_update_d = 2025-01-20 16:10:46.577399
last_update_h = 2025-01-20 16:21:47.098098
last_update_m = 2025-01-20 12:43:32.191491
last_update_v = 2023-10-25 16:52:16.653504

