[DEFAULT]
interv_d = 604800
interv_h = 43200
interv_m = 14400
fctnmt = cloud

[UPDATES]
last_update_d = 2024-07-15 12:10:28.660354
last_update_h = 2024-07-15 12:21:27.991904
last_update_m = 2024-07-15 08:43:08.060870
last_update_v = 2023-10-25 16:52:16.653504

