[DEFAULT]
interv_d = 604800
interv_h = 43200
interv_m = 14400
fctnmt = cloud

[UPDATES]
last_update_d = 2024-09-24 16:10:35.502104
last_update_h = 2024-09-24 16:21:47.877817
last_update_m = 2024-09-24 12:43:00.982175
last_update_v = 2023-10-25 16:52:16.653504

