[DEFAULT]
interv_d = 604800
interv_h = 43200
interv_m = 14400
fctnmt = cloud

[UPDATES]
last_update_d = 2024-03-07 04:09:53.664140
last_update_h = 2024-03-07 04:20:39.349799
last_update_m = 2024-03-07 00:42:51.554523
last_update_v = 2023-10-25 16:52:16.653504

