[DEFAULT]
interv_d = 604800
interv_h = 43200
interv_m = 14400
fctnmt = cloud

[UPDATES]
last_update_d = 2025-11-30 20:11:04.155614
last_update_h = 2025-11-30 20:22:12.771684
last_update_m = 2025-11-30 20:44:31.446768
last_update_v = 2023-10-25 16:52:16.653504

