[DEFAULT]
interv_d = 604800
interv_h = 43200
interv_m = 14400
fctnmt = cloud

[UPDATES]
last_update_d = 2026-01-08 00:10:49.369595
last_update_h = 2026-01-08 00:22:09.244146
last_update_m = 2026-01-08 00:44:18.251013
last_update_v = 2023-10-25 16:52:16.653504

