[DEFAULT]
interv_d = 604800
interv_h = 43200
interv_m = 14400
fctnmt = cloud

[UPDATES]
last_update_d = 2026-01-16 16:11:04.580699
last_update_h = 2026-01-16 16:22:10.359812
last_update_m = 2026-01-16 16:44:32.263411
last_update_v = 2023-10-25 16:52:16.653504

