[DEFAULT]
interv_d = 604800
interv_h = 43200
interv_m = 14400
fctnmt = cloud

[UPDATES]
last_update_d = 2025-01-10 12:10:37.764434
last_update_h = 2025-01-10 12:21:44.754586
last_update_m = 2025-01-10 12:43:52.871201
last_update_v = 2023-10-25 16:52:16.653504

