[DEFAULT]
interv_d = 604800
interv_h = 43200
interv_m = 14400
fctnmt = cloud

[UPDATES]
last_update_d = 2024-12-20 00:10:49.984513
last_update_h = 2024-12-20 00:22:11.395922
last_update_m = 2024-12-20 00:44:34.693672
last_update_v = 2023-10-25 16:52:16.653504

