[DEFAULT]
interv_d = 604800
interv_h = 43200
interv_m = 14400
fctnmt = cloud

[UPDATES]
last_update_d = 2025-09-20 20:11:10.181507
last_update_h = 2025-09-20 20:22:39.073190
last_update_m = 2025-09-20 16:44:43.667888
last_update_v = 2023-10-25 16:52:16.653504

