[DEFAULT]
interv_d = 604800
interv_h = 43200
interv_m = 14400
fctnmt = cloud

[UPDATES]
last_update_d = 2025-04-06 08:10:43.773586
last_update_h = 2025-04-06 08:21:57.885966
last_update_m = 2025-04-06 04:44:40.213472
last_update_v = 2023-10-25 16:52:16.653504

