[DEFAULT]
interv_d = 604800
interv_h = 43200
interv_m = 14400
fctnmt = cloud

[UPDATES]
last_update_d = 2026-03-23 20:10:53.242464
last_update_h = 2026-03-23 20:22:01.769886
last_update_m = 2026-03-23 20:44:53.622697
last_update_v = 2023-10-25 16:52:16.653504

