[DEFAULT]
interv_d = 604800
interv_h = 43200
interv_m = 14400
fctnmt = cloud

[UPDATES]
last_update_d = 2025-11-19 20:11:01.596791
last_update_h = 2025-11-19 20:22:07.132467
last_update_m = 2025-11-19 20:44:19.367589
last_update_v = 2023-10-25 16:52:16.653504

