[DEFAULT]
interv_d = 604800
interv_h = 43200
interv_m = 14400
fctnmt = cloud

[UPDATES]
last_update_d = 2025-04-07 00:10:50.212000
last_update_h = 2025-04-07 00:22:10.068507
last_update_m = 2025-04-07 00:44:22.196952
last_update_v = 2023-10-25 16:52:16.653504

