[DEFAULT]
interv_d = 604800
interv_h = 43200
interv_m = 14400
fctnmt = cloud

[UPDATES]
last_update_d = 2025-09-17 16:10:36.961203
last_update_h = 2025-09-17 16:21:27.843998
last_update_m = 2025-09-17 16:43:22.351907
last_update_v = 2023-10-25 16:52:16.653504

