[DEFAULT]
interv_d = 604800
interv_h = 43200
interv_m = 14400
fctnmt = cloud

[UPDATES]
last_update_d = 2024-02-02 12:09:48.358043
last_update_h = 2024-02-02 12:20:24.935297
last_update_m = 2024-02-02 12:42:00.066183
last_update_v = 2023-10-25 16:52:16.653504

