[DEFAULT]
interv_d = 604800
interv_h = 43200
interv_m = 14400
fctnmt = cloud

[UPDATES]
last_update_d = 2025-11-28 12:10:58.745105
last_update_h = 2025-11-28 12:22:11.851703
last_update_m = 2025-11-28 12:44:18.350206
last_update_v = 2023-10-25 16:52:16.653504

