[DEFAULT]
interv_d = 604800
interv_h = 43200
interv_m = 14400
fctnmt = cloud

[UPDATES]
last_update_d = 2026-05-21 08:10:59.474870
last_update_h = 2026-05-21 08:21:56.865725
last_update_m = 2026-05-21 08:43:56.947537
last_update_v = 2023-10-25 16:52:16.653504

