[DEFAULT]
interv_d = 604800
interv_h = 43200
interv_m = 14400
fctnmt = cloud

[UPDATES]
last_update_d = 2025-09-02 08:10:44.357653
last_update_h = 2025-09-02 08:21:40.671719
last_update_m = 2025-09-02 08:43:43.166894
last_update_v = 2023-10-25 16:52:16.653504

