[DEFAULT]
interv_d = 604800
interv_h = 43200
interv_m = 14400
fctnmt = cloud

[UPDATES]
last_update_d = 2025-05-26 20:10:44.776038
last_update_h = 2025-05-26 20:21:38.856387
last_update_m = 2025-05-26 16:43:33.936816
last_update_v = 2023-10-25 16:52:16.653504

