[DEFAULT]
interv_d = 604800
interv_h = 43200
interv_m = 14400
fctnmt = cloud

[UPDATES]
last_update_d = 2026-06-21 20:10:47.744829
last_update_h = 2026-06-21 20:21:39.529677
last_update_m = 2026-06-21 16:43:26.220056
last_update_v = 2023-10-25 16:52:16.653504

