[DEFAULT]
interv_d = 604800
interv_h = 43200
interv_m = 14400
fctnmt = cloud

[UPDATES]
last_update_d = 2026-03-18 16:10:59.836703
last_update_h = 2026-03-18 16:22:04.564159
last_update_m = 2026-03-18 12:33:16.734308
last_update_v = 2023-10-25 16:52:16.653504

