[DEFAULT]
interv_d = 604800
interv_h = 43200
interv_m = 14400
fctnmt = cloud

[UPDATES]
last_update_d = 2023-12-29 16:09:26.927128
last_update_h = 2023-12-29 16:19:47.522473
last_update_m = 2023-12-29 16:40:33.129944
last_update_v = 2023-10-25 16:52:16.653504

