[DEFAULT]
interv_d = 604800
interv_h = 43200
interv_m = 14400
fctnmt = cloud

[UPDATES]
last_update_d = 2025-09-08 20:10:51.471631
last_update_h = 2025-09-08 20:21:57.194169
last_update_m = 2025-09-08 20:44:06.367551
last_update_v = 2023-10-25 16:52:16.653504

