[DEFAULT]
interv_d = 604800
interv_h = 43200
interv_m = 14400
fctnmt = cloud

[UPDATES]
last_update_d = 2026-05-20 08:10:50.029438
last_update_h = 2026-05-20 08:21:59.047404
last_update_m = 2026-05-20 04:43:58.915658
last_update_v = 2023-10-25 16:52:16.653504

