[DEFAULT]
interv_d = 604800
interv_h = 43200
interv_m = 14400
fctnmt = cloud

[UPDATES]
last_update_d = 2026-04-14 20:11:01.068964
last_update_h = 2026-04-14 20:22:06.840797
last_update_m = 2026-04-14 16:43:48.534300
last_update_v = 2023-10-25 16:52:16.653504

