[DEFAULT]
interv_d = 604800
interv_h = 43200
interv_m = 14400
fctnmt = cloud

[UPDATES]
last_update_d = 2025-12-06 16:10:59.461685
last_update_h = 2025-12-06 16:22:04.268963
last_update_m = 2025-12-06 12:45:21.244701
last_update_v = 2023-10-25 16:52:16.653504

