[DEFAULT]
interv_d = 604800
interv_h = 43200
interv_m = 14400
fctnmt = cloud

[UPDATES]
last_update_d = 2026-05-01 12:10:51.244975
last_update_h = 2026-05-01 12:21:44.913583
last_update_m = 2026-05-01 12:43:37.315880
last_update_v = 2023-10-25 16:52:16.653504

