[DEFAULT]
interv_d = 604800
interv_h = 43200
interv_m = 14400
fctnmt = cloud

[UPDATES]
last_update_d = 2026-02-12 16:11:06.836394
last_update_h = 2026-02-12 16:22:15.561469
last_update_m = 2026-02-12 12:45:17.074619
last_update_v = 2023-10-25 16:52:16.653504

