[DEFAULT]
interv_d = 604800
interv_h = 43200
interv_m = 14400
fctnmt = cloud

[UPDATES]
last_update_d = 2026-03-27 12:10:58.631781
last_update_h = 2026-03-27 12:22:12.056580
last_update_m = 2026-03-27 12:44:34.413902
last_update_v = 2023-10-25 16:52:16.653504

