[DEFAULT]
interv_d = 604800
interv_h = 43200
interv_m = 14400
fctnmt = cloud

[UPDATES]
last_update_d = 2025-10-28 04:10:55.843640
last_update_h = 2025-10-28 04:21:57.048651
last_update_m = 2025-10-28 00:43:58.966119
last_update_v = 2023-10-25 16:52:16.653504

