[DEFAULT]
interv_d = 604800
interv_h = 43200
interv_m = 14400
fctnmt = cloud

[UPDATES]
last_update_d = 2024-05-18 04:10:13.823126
last_update_h = 2024-05-18 04:21:17.630333
last_update_m = 2024-05-18 00:42:53.317968
last_update_v = 2023-10-25 16:52:16.653504

