[DEFAULT]
interv_d = 604800
interv_h = 43200
interv_m = 14400
fctnmt = cloud

[UPDATES]
last_update_d = 2026-03-10 20:10:49.063888
last_update_h = 2026-03-10 20:21:53.951346
last_update_m = 2026-03-10 20:43:52.120170
last_update_v = 2023-10-25 16:52:16.653504

