[DEFAULT]
interv_d = 604800
interv_h = 43200
interv_m = 14400
fctnmt = cloud

[UPDATES]
last_update_d = 2024-03-02 00:09:52.539943
last_update_h = 2024-03-02 00:21:07.568465
last_update_m = 2024-03-02 00:42:39.365510
last_update_v = 2023-10-25 16:52:16.653504

