[DEFAULT]
interv_d = 604800
interv_h = 43200
interv_m = 14400
fctnmt = cloud

[UPDATES]
last_update_d = 2025-07-24 00:10:56.550377
last_update_h = 2025-07-24 00:22:11.792709
last_update_m = 2025-07-23 20:43:26.478086
last_update_v = 2023-10-25 16:52:16.653504

