[DEFAULT]
interv_d = 604800
interv_h = 43200
interv_m = 14400
fctnmt = cloud

[UPDATES]
last_update_d = 2025-02-24 20:10:41.203215
last_update_h = 2025-02-24 20:21:41.657411
last_update_m = 2025-02-24 16:44:02.976357
last_update_v = 2023-10-25 16:52:16.653504

