[DEFAULT]
interv_d = 604800
interv_h = 43200
interv_m = 14400
fctnmt = cloud

[UPDATES]
last_update_d = 2026-02-02 00:11:04.163261
last_update_h = 2026-02-02 00:22:31.768818
last_update_m = 2026-02-02 00:44:47.172417
last_update_v = 2023-10-25 16:52:16.653504

