[DEFAULT]
interv_d = 604800
interv_h = 43200
interv_m = 14400
fctnmt = cloud

[UPDATES]
last_update_d = 2025-07-09 04:11:44.552888
last_update_h = 2025-07-09 04:22:40.150010
last_update_m = 2025-07-09 00:45:13.028111
last_update_v = 2023-10-25 16:52:16.653504

