[DEFAULT]
interv_d = 604800
interv_h = 43200
interv_m = 14400
fctnmt = cloud

[UPDATES]
last_update_d = 2026-05-06 12:10:55.252624
last_update_h = 2026-05-06 12:21:55.469210
last_update_m = 2026-05-06 08:43:48.711150
last_update_v = 2023-10-25 16:52:16.653504

