[DEFAULT]
interv_d = 604800
interv_h = 43200
interv_m = 14400
fctnmt = cloud

[UPDATES]
last_update_d = 2024-08-29 20:10:44.953821
last_update_h = 2024-08-29 20:22:17.363609
last_update_m = 2024-08-29 16:44:29.729688
last_update_v = 2023-10-25 16:52:16.653504

