[DEFAULT]
interv_d = 604800
interv_h = 43200
interv_m = 14400
fctnmt = cloud

[UPDATES]
last_update_d = 2025-09-08 16:10:54.192597
last_update_h = 2025-09-08 16:21:54.233720
last_update_m = 2025-09-08 12:44:05.782395
last_update_v = 2023-10-25 16:52:16.653504

