[DEFAULT]
interv_d = 604800
interv_h = 43200
interv_m = 14400
fctnmt = cloud

[UPDATES]
last_update_d = 2024-03-08 16:10:16.946778
last_update_h = 2024-03-08 16:21:29.742254
last_update_m = 2024-03-08 16:43:49.926804
last_update_v = 2023-10-25 16:52:16.653504

