[DEFAULT]
interv_d = 604800
interv_h = 43200
interv_m = 14400
fctnmt = cloud

[UPDATES]
last_update_d = 2024-05-26 12:10:25.298655
last_update_h = 2024-05-26 12:21:31.825782
last_update_m = 2024-05-26 08:43:27.402964
last_update_v = 2023-10-25 16:52:16.653504

