[DEFAULT]
interv_d = 604800
interv_h = 43200
interv_m = 14400
fctnmt = cloud

[UPDATES]
last_update_d = 2024-08-02 08:10:22.131877
last_update_h = 2024-08-02 08:21:20.413665
last_update_m = 2024-08-02 08:43:01.914377
last_update_v = 2023-10-25 16:52:16.653504

