[DEFAULT]
interv_d = 604800
interv_h = 43200
interv_m = 14400
fctnmt = cloud

[UPDATES]
last_update_d = 2025-11-29 20:11:05.674404
last_update_h = 2025-11-29 20:22:29.861355
last_update_m = 2025-11-29 16:44:21.149932
last_update_v = 2023-10-25 16:52:16.653504

