[DEFAULT]
interv_d = 604800
interv_h = 43200
interv_m = 14400
fctnmt = cloud

[UPDATES]
last_update_d = 2024-03-24 08:10:10.844345
last_update_h = 2024-03-24 08:21:14.160318
last_update_m = 2024-03-24 04:43:20.025005
last_update_v = 2023-10-25 16:52:16.653504

