[DEFAULT]
interv_d = 604800
interv_h = 43200
interv_m = 14400
fctnmt = cloud

[UPDATES]
last_update_d = 2025-01-10 04:10:40.407605
last_update_h = 2025-01-10 04:21:47.075217
last_update_m = 2025-01-10 04:43:44.156062
last_update_v = 2023-10-25 16:52:16.653504

