[DEFAULT]
interv_d = 604800
interv_h = 43200
interv_m = 14400
fctnmt = cloud

[UPDATES]
last_update_d = 2025-10-04 00:11:08.389129
last_update_h = 2025-10-04 00:22:35.242828
last_update_m = 2025-10-04 00:45:01.035764
last_update_v = 2023-10-25 16:52:16.653504

