[DEFAULT]
interv_d = 604800
interv_h = 43200
interv_m = 14400
fctnmt = cloud

[UPDATES]
last_update_d = 2024-03-20 12:10:20.247658
last_update_h = 2024-03-20 12:21:52.369813
last_update_m = 2024-03-20 08:44:15.049260
last_update_v = 2023-10-25 16:52:16.653504

