[DEFAULT]
interv_d = 604800
interv_h = 43200
interv_m = 14400
fctnmt = cloud

[UPDATES]
last_update_d = 2024-04-11 12:10:13.949652
last_update_h = 2024-04-11 12:21:14.417762
last_update_m = 2024-04-11 08:43:20.344338
last_update_v = 2023-10-25 16:52:16.653504

