[DEFAULT]
interv_d = 604800
interv_h = 43200
interv_m = 14400
fctnmt = cloud

[UPDATES]
last_update_d = 2026-01-25 00:10:55.386454
last_update_h = 2026-01-25 00:22:19.695235
last_update_m = 2026-01-24 20:44:05.438551
last_update_v = 2023-10-25 16:52:16.653504

