[DEFAULT]
interv_d = 604800
interv_h = 43200
interv_m = 14400
fctnmt = cloud

[UPDATES]
last_update_d = 2025-03-10 04:10:43.987938
last_update_h = 2025-03-10 04:21:54.001802
last_update_m = 2025-03-10 00:44:35.812992
last_update_v = 2023-10-25 16:52:16.653504

