[DEFAULT]
interv_d = 604800
interv_h = 43200
interv_m = 14400
fctnmt = cloud

[UPDATES]
last_update_d = 2025-01-14 04:10:49.971387
last_update_h = 2025-01-14 04:22:03.915141
last_update_m = 2025-01-14 00:43:57.208388
last_update_v = 2023-10-25 16:52:16.653504

