[DEFAULT]
interv_d = 604800
interv_h = 43200
interv_m = 14400
fctnmt = cloud

[UPDATES]
last_update_d = 2026-02-14 16:11:00.269315
last_update_h = 2026-02-14 16:22:00.877973
last_update_m = 2026-02-14 12:45:28.050948
last_update_v = 2023-10-25 16:52:16.653504

