[DEFAULT]
interv_d = 604800
interv_h = 43200
interv_m = 14400
fctnmt = cloud

[UPDATES]
last_update_d = 2024-10-31 04:09:56.964318
last_update_h = 2024-10-31 04:20:19.561456
last_update_m = 2024-10-31 00:41:11.290082
last_update_v = 2023-10-25 16:52:16.653504

