[DEFAULT]
interv_d = 604800
interv_h = 43200
interv_m = 14400
fctnmt = cloud

[UPDATES]
last_update_d = 2025-07-18 20:10:37.370693
last_update_h = 2025-07-18 20:21:33.247708
last_update_m = 2025-07-18 16:43:44.755300
last_update_v = 2023-10-25 16:52:16.653504

