[DEFAULT]
interv_d = 604800
interv_h = 43200
interv_m = 14400
fctnmt = cloud

[UPDATES]
last_update_d = 2026-03-11 12:10:54.640112
last_update_h = 2026-03-11 12:21:56.436247
last_update_m = 2026-03-11 08:43:18.346359
last_update_v = 2023-10-25 16:52:16.653504

