[DEFAULT]
interv_d = 604800
interv_h = 43200
interv_m = 14400
fctnmt = cloud

[UPDATES]
last_update_d = 2024-03-12 00:10:21.052792
last_update_h = 2024-03-12 00:21:33.056526
last_update_m = 2024-03-12 00:43:53.352375
last_update_v = 2023-10-25 16:52:16.653504

