[DEFAULT]
interv_d = 604800
interv_h = 43200
interv_m = 14400
fctnmt = cloud

[UPDATES]
last_update_d = 2024-12-16 04:10:40.503417
last_update_h = 2024-12-16 04:22:06.387678
last_update_m = 2024-12-16 00:44:15.775503
last_update_v = 2023-10-25 16:52:16.653504

