[DEFAULT]
interv_d = 604800
interv_h = 43200
interv_m = 14400
fctnmt = cloud

[UPDATES]
last_update_d = 2024-09-10 08:10:44.570686
last_update_h = 2024-09-10 08:21:49.570574
last_update_m = 2024-09-10 08:43:53.369465
last_update_v = 2023-10-25 16:52:16.653504

