[DEFAULT]
interv_d = 604800
interv_h = 43200
interv_m = 14400
fctnmt = cloud

[UPDATES]
last_update_d = 2026-03-24 00:10:59.239294
last_update_h = 2026-03-24 00:22:16.662553
last_update_m = 2026-03-23 20:44:53.622697
last_update_v = 2023-10-25 16:52:16.653504

