[DEFAULT]
interv_d = 604800
interv_h = 43200
interv_m = 14400
fctnmt = cloud

[UPDATES]
last_update_d = 2024-12-11 20:10:38.454408
last_update_h = 2024-12-11 20:21:37.092517
last_update_m = 2024-12-11 16:43:33.192418
last_update_v = 2023-10-25 16:52:16.653504

