[DEFAULT]
interv_d = 604800
interv_h = 43200
interv_m = 14400
fctnmt = cloud

[UPDATES]
last_update_d = 2026-02-05 12:10:59.058078
last_update_h = 2026-02-05 12:21:58.029865
last_update_m = 2026-02-05 08:43:47.258819
last_update_v = 2023-10-25 16:52:16.653504

