[DEFAULT]
interv_d = 604800
interv_h = 43200
interv_m = 14400
fctnmt = cloud

[UPDATES]
last_update_d = 2025-10-14 08:10:55.738280
last_update_h = 2025-10-14 08:22:02.176314
last_update_m = 2025-10-14 04:43:37.930061
last_update_v = 2023-10-25 16:52:16.653504

