[DEFAULT]
interv_d = 604800
interv_h = 43200
interv_m = 14400
fctnmt = cloud

[UPDATES]
last_update_d = 2025-01-11 08:10:46.610612
last_update_h = 2025-01-11 08:21:48.805425
last_update_m = 2025-01-11 08:44:05.806775
last_update_v = 2023-10-25 16:52:16.653504

