[DEFAULT]
interv_d = 604800
interv_h = 43200
interv_m = 14400
fctnmt = cloud

[UPDATES]
last_update_d = 2025-01-27 20:10:31.697146
last_update_h = 2025-01-27 20:21:32.877289
last_update_m = 2025-01-27 20:43:31.290437
last_update_v = 2023-10-25 16:52:16.653504

