[DEFAULT]
interv_d = 604800
interv_h = 43200
interv_m = 14400
fctnmt = cloud

[UPDATES]
last_update_d = 2025-06-30 12:10:46.659477
last_update_h = 2025-06-30 12:21:41.964003
last_update_m = 2025-06-30 08:50:17.869947
last_update_v = 2023-10-25 16:52:16.653504

