[DEFAULT]
interv_d = 604800
interv_h = 43200
interv_m = 14400
fctnmt = cloud

[UPDATES]
last_update_d = 2025-12-04 04:10:57.672091
last_update_h = 2025-12-04 04:22:06.675577
last_update_m = 2025-12-04 04:44:24.164821
last_update_v = 2023-10-25 16:52:16.653504

