[DEFAULT]
interv_d = 604800
interv_h = 43200
interv_m = 14400
fctnmt = cloud

[UPDATES]
last_update_d = 2024-02-28 00:09:49.135843
last_update_h = 2024-02-28 00:20:40.329619
last_update_m = 2024-02-27 20:42:23.934758
last_update_v = 2023-10-25 16:52:16.653504

