[DEFAULT]
interv_d = 604800
interv_h = 43200
interv_m = 14400
fctnmt = cloud

[UPDATES]
last_update_d = 2025-10-31 16:10:47.064530
last_update_h = 2025-10-31 16:21:39.173113
last_update_m = 2025-10-31 16:43:30.046218
last_update_v = 2023-10-25 16:52:16.653504

