[DEFAULT]
interv_d = 604800
interv_h = 43200
interv_m = 14400
fctnmt = cloud

[UPDATES]
last_update_d = 2026-01-26 04:11:15.270034
last_update_h = 2026-01-26 04:22:27.229089
last_update_m = 2026-01-26 00:45:01.576471
last_update_v = 2023-10-25 16:52:16.653504

