[DEFAULT]
interv_d = 604800
interv_h = 43200
interv_m = 14400
fctnmt = cloud

[UPDATES]
last_update_d = 2025-04-12 08:10:43.883906
last_update_h = 2025-04-12 08:21:38.387929
last_update_m = 2025-04-12 04:43:57.904602
last_update_v = 2023-10-25 16:52:16.653504

