[DEFAULT]
interv_d = 604800
interv_h = 43200
interv_m = 14400
fctnmt = cloud

[UPDATES]
last_update_d = 2025-12-13 08:11:03.151381
last_update_h = 2025-12-13 08:22:04.159247
last_update_m = 2025-12-13 04:45:08.268158
last_update_v = 2023-10-25 16:52:16.653504

