[DEFAULT]
interv_d = 604800
interv_h = 43200
interv_m = 14400
fctnmt = cloud

[UPDATES]
last_update_d = 2025-07-13 16:10:37.938521
last_update_h = 2025-07-13 16:21:25.768073
last_update_m = 2025-07-13 12:43:14.755139
last_update_v = 2023-10-25 16:52:16.653504

