[DEFAULT]
interv_d = 604800
interv_h = 43200
interv_m = 14400
fctnmt = cloud

[UPDATES]
last_update_d = 2025-10-14 20:11:00.185342
last_update_h = 2025-10-14 20:21:59.946568
last_update_m = 2025-10-14 20:44:06.654827
last_update_v = 2023-10-25 16:52:16.653504

