[DEFAULT]
interv_d = 604800
interv_h = 43200
interv_m = 14400
fctnmt = cloud

[UPDATES]
last_update_d = 2025-10-12 12:11:33.072374
last_update_h = 2025-10-12 12:22:28.484957
last_update_m = 2025-10-12 08:43:50.663947
last_update_v = 2023-10-25 16:52:16.653504

