[DEFAULT]
interv_d = 604800
interv_h = 43200
interv_m = 14400
fctnmt = cloud

[UPDATES]
last_update_d = 2025-12-24 16:11:01.060585
last_update_h = 2025-12-24 16:22:13.539604
last_update_m = 2025-12-24 16:44:29.583721
last_update_v = 2023-10-25 16:52:16.653504

