[DEFAULT]
interv_d = 604800
interv_h = 43200
interv_m = 14400
fctnmt = cloud

[UPDATES]
last_update_d = 2024-11-14 04:09:57.354190
last_update_h = 2024-11-14 04:20:14.080481
last_update_m = 2024-11-14 04:40:55.185925
last_update_v = 2023-10-25 16:52:16.653504

