[DEFAULT]
interv_d = 604800
interv_h = 43200
interv_m = 14400
fctnmt = cloud

[UPDATES]
last_update_d = 2026-07-21 16:10:54.626516
last_update_h = 2026-07-21 16:21:58.334480
last_update_m = 2026-07-21 12:44:39.148995
last_update_v = 2023-10-25 16:52:16.653504

