[DEFAULT]
interv_d = 604800
interv_h = 43200
interv_m = 14400
fctnmt = cloud

[UPDATES]
last_update_d = 2026-02-13 12:11:13.753899
last_update_h = 2026-02-13 12:22:44.045298
last_update_m = 2026-02-13 08:44:58.546335
last_update_v = 2023-10-25 16:52:16.653504

