[DEFAULT]
interv_d = 604800
interv_h = 43200
interv_m = 14400
fctnmt = cloud

[UPDATES]
last_update_d = 2024-01-18 00:09:34.957807
last_update_h = 2024-01-18 00:20:04.156814
last_update_m = 2024-01-18 00:40:46.135225
last_update_v = 2023-10-25 16:52:16.653504

