[DEFAULT]
interv_d = 604800
interv_h = 43200
interv_m = 14400
fctnmt = cloud

[UPDATES]
last_update_d = 2024-06-08 20:10:19.791726
last_update_h = 2024-06-08 20:21:27.792350
last_update_m = 2024-06-08 16:43:19.013678
last_update_v = 2023-10-25 16:52:16.653504

