[DEFAULT]
interv_d = 604800
interv_h = 43200
interv_m = 14400
fctnmt = cloud

[UPDATES]
last_update_d = 2024-09-30 16:09:54.254126
last_update_h = 2024-09-30 16:20:18.374596
last_update_m = 2024-09-30 16:41:07.189913
last_update_v = 2023-10-25 16:52:16.653504

