[DEFAULT]
interv_d = 604800
interv_h = 43200
interv_m = 14400
fctnmt = cloud

[UPDATES]
last_update_d = 2023-12-31 00:09:25.952810
last_update_h = 2023-12-31 00:19:48.064894
last_update_m = 2023-12-30 20:40:15.153500
last_update_v = 2023-10-25 16:52:16.653504

