[DEFAULT]
interv_d = 604800
interv_h = 43200
interv_m = 14400
fctnmt = cloud

[UPDATES]
last_update_d = 2024-08-25 04:10:42.739033
last_update_h = 2024-08-25 04:22:27.825468
last_update_m = 2024-08-25 04:45:22.468292
last_update_v = 2023-10-25 16:52:16.653504

