[DEFAULT]
interv_d = 604800
interv_h = 43200
interv_m = 14400
fctnmt = cloud

[UPDATES]
last_update_d = 2026-01-06 08:10:47.471202
last_update_h = 2026-01-06 08:21:38.450666
last_update_m = 2026-01-06 04:43:09.052186
last_update_v = 2023-10-25 16:52:16.653504

