[DEFAULT]
interv_d = 604800
interv_h = 43200
interv_m = 14400
fctnmt = cloud

[UPDATES]
last_update_d = 2024-11-19 16:10:03.966300
last_update_h = 2024-11-19 16:20:24.594061
last_update_m = 2024-11-19 12:41:02.592729
last_update_v = 2023-10-25 16:52:16.653504

