[DEFAULT]
interv_d = 604800
interv_h = 43200
interv_m = 14400
fctnmt = cloud

[UPDATES]
last_update_d = 2025-06-05 08:10:42.756890
last_update_h = 2025-06-05 08:21:44.966738
last_update_m = 2025-06-05 04:43:17.431194
last_update_v = 2023-10-25 16:52:16.653504

