[DEFAULT]
interv_d = 604800
interv_h = 43200
interv_m = 14400
fctnmt = cloud

[UPDATES]
last_update_d = 2024-12-12 16:10:48.503499
last_update_h = 2024-12-12 16:21:58.554826
last_update_m = 2024-12-12 16:44:20.856500
last_update_v = 2023-10-25 16:52:16.653504

