[DEFAULT]
interv_d = 604800
interv_h = 43200
interv_m = 14400
fctnmt = cloud

[UPDATES]
last_update_d = 2025-02-21 16:10:41.274280
last_update_h = 2025-02-21 16:21:49.791326
last_update_m = 2025-02-21 16:44:01.979068
last_update_v = 2023-10-25 16:52:16.653504

