[DEFAULT]
interv_d = 604800
interv_h = 43200
interv_m = 14400
fctnmt = cloud

[UPDATES]
last_update_d = 2025-02-11 16:10:46.807803
last_update_h = 2025-02-11 16:21:56.123253
last_update_m = 2025-02-11 12:44:17.565011
last_update_v = 2023-10-25 16:52:16.653504

