[DEFAULT]
interv_d = 604800
interv_h = 43200
interv_m = 14400
fctnmt = cloud

[UPDATES]
last_update_d = 2025-04-26 16:10:52.687413
last_update_h = 2025-04-26 16:22:06.067457
last_update_m = 2025-04-26 16:44:31.103558
last_update_v = 2023-10-25 16:52:16.653504

