[DEFAULT]
interv_d = 604800
interv_h = 43200
interv_m = 14400
fctnmt = cloud

[UPDATES]
last_update_d = 2025-02-11 08:10:53.014429
last_update_h = 2025-02-11 08:21:58.393551
last_update_m = 2025-02-11 08:44:03.709936
last_update_v = 2023-10-25 16:52:16.653504

