[DEFAULT]
interv_d = 604800
interv_h = 43200
interv_m = 14400
fctnmt = cloud

[UPDATES]
last_update_d = 2024-11-28 16:10:04.864778
last_update_h = 2024-11-28 16:20:34.054344
last_update_m = 2024-11-28 16:41:33.186673
last_update_v = 2023-10-25 16:52:16.653504

