[DEFAULT]
interv_d = 604800
interv_h = 43200
interv_m = 14400
fctnmt = cloud

[UPDATES]
last_update_d = 2026-03-09 00:10:58.561925
last_update_h = 2026-03-09 00:22:33.639308
last_update_m = 2026-03-09 00:44:41.158558
last_update_v = 2023-10-25 16:52:16.653504

