[DEFAULT]
interv_d = 604800
interv_h = 43200
interv_m = 14400
fctnmt = cloud

[UPDATES]
last_update_d = 2025-06-24 12:11:50.978691
last_update_h = 2025-06-24 12:23:23.844979
last_update_m = 2025-06-24 08:47:37.371549
last_update_v = 2023-10-25 16:52:16.653504

