[DEFAULT]
interv_d = 604800
interv_h = 43200
interv_m = 14400
fctnmt = cloud

[UPDATES]
last_update_d = 2026-01-24 00:11:00.740374
last_update_h = 2026-01-24 00:22:23.350273
last_update_m = 2026-01-24 00:44:27.845072
last_update_v = 2023-10-25 16:52:16.653504

