[DEFAULT]
interv_d = 604800
interv_h = 43200
interv_m = 14400
fctnmt = cloud

[UPDATES]
last_update_d = 2024-02-10 12:09:52.047779
last_update_h = 2024-02-10 12:20:33.316135
last_update_m = 2024-02-10 08:42:00.641620
last_update_v = 2023-10-25 16:52:16.653504

