[DEFAULT]
interv_d = 604800
interv_h = 43200
interv_m = 14400
fctnmt = cloud

[UPDATES]
last_update_d = 2025-11-28 20:11:07.351283
last_update_h = 2025-11-28 20:22:19.650526
last_update_m = 2025-11-28 20:44:51.347570
last_update_v = 2023-10-25 16:52:16.653504

