[DEFAULT]
interv_d = 604800
interv_h = 43200
interv_m = 14400
fctnmt = cloud

[UPDATES]
last_update_d = 2026-04-13 12:11:05.446268
last_update_h = 2026-04-13 12:22:16.229062
last_update_m = 2026-04-13 08:43:58.054042
last_update_v = 2023-10-25 16:52:16.653504

