[DEFAULT]
interv_d = 604800
interv_h = 43200
interv_m = 14400
fctnmt = cloud

[UPDATES]
last_update_d = 2025-06-12 20:11:12.258217
last_update_h = 2025-06-12 20:22:18.443409
last_update_m = 2025-06-12 20:46:20.881009
last_update_v = 2023-10-25 16:52:16.653504

