[DEFAULT]
interv_d = 604800
interv_h = 43200
interv_m = 14400
fctnmt = cloud

[UPDATES]
last_update_d = 2024-04-19 20:10:15.350825
last_update_h = 2024-04-19 20:21:26.134652
last_update_m = 2024-04-19 16:43:24.268409
last_update_v = 2023-10-25 16:52:16.653504

