[DEFAULT]
interv_d = 604800
interv_h = 43200
interv_m = 14400
fctnmt = cloud

[UPDATES]
last_update_d = 2026-04-08 08:10:52.470190
last_update_h = 2026-04-08 08:21:48.238923
last_update_m = 2026-04-08 08:43:48.833263
last_update_v = 2023-10-25 16:52:16.653504

