[DEFAULT]
interv_d = 604800
interv_h = 43200
interv_m = 14400
fctnmt = cloud

[UPDATES]
last_update_d = 2025-06-09 20:10:39.663551
last_update_h = 2025-06-09 20:21:39.228949
last_update_m = 2025-06-09 20:43:30.575329
last_update_v = 2023-10-25 16:52:16.653504

