[DEFAULT]
interv_d = 604800
interv_h = 43200
interv_m = 14400
fctnmt = cloud

[UPDATES]
last_update_d = 2026-03-31 16:10:52.566648
last_update_h = 2026-03-31 16:21:53.953143
last_update_m = 2026-03-31 16:44:02.143627
last_update_v = 2023-10-25 16:52:16.653504

