[DEFAULT]
interv_d = 604800
interv_h = 43200
interv_m = 14400
fctnmt = cloud

[UPDATES]
last_update_d = 2025-05-17 00:10:33.070132
last_update_h = 2025-05-17 00:21:41.434540
last_update_m = 2025-05-17 00:43:33.949119
last_update_v = 2023-10-25 16:52:16.653504

