[DEFAULT]
interv_d = 604800
interv_h = 43200
interv_m = 14400
fctnmt = cloud

[UPDATES]
last_update_d = 2026-06-06 12:11:05.762353
last_update_h = 2026-06-06 12:22:12.142382
last_update_m = 2026-06-06 08:44:33.964108
last_update_v = 2023-10-25 16:52:16.653504

