[DEFAULT]
interv_d = 604800
interv_h = 43200
interv_m = 14400
fctnmt = cloud

[UPDATES]
last_update_d = 2025-07-30 00:10:44.549235
last_update_h = 2025-07-30 00:21:52.563468
last_update_m = 2025-07-30 00:43:46.856846
last_update_v = 2023-10-25 16:52:16.653504

