[DEFAULT]
interv_d = 604800
interv_h = 43200
interv_m = 14400
fctnmt = cloud

[UPDATES]
last_update_d = 2024-09-10 20:10:29.093749
last_update_h = 2024-09-10 20:21:21.176518
last_update_m = 2024-09-10 16:43:11.689930
last_update_v = 2023-10-25 16:52:16.653504

