[DEFAULT]
interv_d = 604800
interv_h = 43200
interv_m = 14400
fctnmt = cloud

[UPDATES]
last_update_d = 2025-06-12 04:11:48.963008
last_update_h = 2025-06-12 04:24:00.361407
last_update_m = 2025-06-12 00:47:52.769843
last_update_v = 2023-10-25 16:52:16.653504

