[DEFAULT]
interv_d = 604800
interv_h = 43200
interv_m = 14400
fctnmt = cloud

[UPDATES]
last_update_d = 2025-06-28 04:12:44.449216
last_update_h = 2025-06-28 04:25:11.158552
last_update_m = 2025-06-28 00:48:36.129224
last_update_v = 2023-10-25 16:52:16.653504

