[DEFAULT]
interv_d = 604800
interv_h = 43200
interv_m = 14400
fctnmt = cloud

[UPDATES]
last_update_d = 2025-08-05 08:10:50.769952
last_update_h = 2025-08-05 08:21:51.947068
last_update_m = 2025-08-05 08:43:57.481272
last_update_v = 2023-10-25 16:52:16.653504

