[DEFAULT]
interv_d = 604800
interv_h = 43200
interv_m = 14400
fctnmt = cloud

[UPDATES]
last_update_d = 2024-11-07 20:10:04.388121
last_update_h = 2024-11-07 20:20:28.557309
last_update_m = 2024-11-07 20:41:20.265367
last_update_v = 2023-10-25 16:52:16.653504

