[DEFAULT]
interv_d = 604800
interv_h = 43200
interv_m = 14400
fctnmt = cloud

[UPDATES]
last_update_d = 2026-07-06 08:11:06.028414
last_update_h = 2026-07-06 08:22:25.954277
last_update_m = 2026-07-06 04:44:23.744771
last_update_v = 2023-10-25 16:52:16.653504

