[DEFAULT]
interv_d = 604800
interv_h = 43200
interv_m = 14400
fctnmt = cloud

[UPDATES]
last_update_d = 2025-11-13 08:11:39.873463
last_update_h = 2025-11-13 08:22:58.842480
last_update_m = 2025-11-13 08:45:34.154645
last_update_v = 2023-10-25 16:52:16.653504

