[DEFAULT]
interv_d = 604800
interv_h = 43200
interv_m = 14400
fctnmt = cloud

[UPDATES]
last_update_d = 2024-03-12 16:10:19.933541
last_update_h = 2024-03-12 16:21:25.454397
last_update_m = 2024-03-12 12:43:52.057103
last_update_v = 2023-10-25 16:52:16.653504

