[DEFAULT]
interv_d = 604800
interv_h = 43200
interv_m = 14400
fctnmt = cloud

[UPDATES]
last_update_d = 2025-10-29 20:10:51.781474
last_update_h = 2025-10-29 20:21:51.537938
last_update_m = 2025-10-29 20:43:51.068805
last_update_v = 2023-10-25 16:52:16.653504

