[DEFAULT]
interv_d = 604800
interv_h = 43200
interv_m = 14400
fctnmt = cloud

[UPDATES]
last_update_d = 2025-08-23 16:10:58.352088
last_update_h = 2025-08-23 16:22:02.360453
last_update_m = 2025-08-23 16:44:21.864111
last_update_v = 2023-10-25 16:52:16.653504

