[DEFAULT]
interv_d = 604800
interv_h = 43200
interv_m = 14400
fctnmt = cloud

[UPDATES]
last_update_d = 2024-09-21 12:10:33.554140
last_update_h = 2024-09-21 12:21:28.170274
last_update_m = 2024-09-21 08:43:45.185317
last_update_v = 2023-10-25 16:52:16.653504

