[DEFAULT]
interv_d = 604800
interv_h = 43200
interv_m = 14400
fctnmt = cloud

[UPDATES]
last_update_d = 2025-09-29 20:11:09.154810
last_update_h = 2025-09-29 20:22:21.354655
last_update_m = 2025-09-29 16:44:48.779276
last_update_v = 2023-10-25 16:52:16.653504

