[DEFAULT]
interv_d = 604800
interv_h = 43200
interv_m = 14400
fctnmt = cloud

[UPDATES]
last_update_d = 2024-09-17 04:10:27.681591
last_update_h = 2024-09-17 04:21:21.054976
last_update_m = 2024-09-17 04:43:07.374275
last_update_v = 2023-10-25 16:52:16.653504

