[DEFAULT]
interv_d = 604800
interv_h = 43200
interv_m = 14400
fctnmt = cloud

[UPDATES]
last_update_d = 2025-01-30 00:10:36.278613
last_update_h = 2025-01-30 00:21:46.665885
last_update_m = 2025-01-30 00:43:34.367231
last_update_v = 2023-10-25 16:52:16.653504

