[DEFAULT]
interv_d = 604800
interv_h = 43200
interv_m = 14400
fctnmt = cloud

[UPDATES]
last_update_d = 2026-02-06 08:10:59.777133
last_update_h = 2026-02-06 08:22:01.055205
last_update_m = 2026-02-06 04:43:53.968812
last_update_v = 2023-10-25 16:52:16.653504

