[DEFAULT]
interv_d = 604800
interv_h = 43200
interv_m = 14400
fctnmt = cloud

[UPDATES]
last_update_d = 2025-01-27 04:10:37.069946
last_update_h = 2025-01-27 04:21:37.409255
last_update_m = 2025-01-27 00:43:41.358666
last_update_v = 2023-10-25 16:52:16.653504

