[DEFAULT]
interv_d = 604800
interv_h = 43200
interv_m = 14400
fctnmt = cloud

[UPDATES]
last_update_d = 2024-04-29 12:10:18.420045
last_update_h = 2024-04-29 12:21:20.034849
last_update_m = 2024-04-29 08:43:25.450311
last_update_v = 2023-10-25 16:52:16.653504

