[DEFAULT]
interv_d = 604800
interv_h = 43200
interv_m = 14400
fctnmt = cloud

[UPDATES]
last_update_d = 2026-06-06 16:10:50.642504
last_update_h = 2026-06-06 16:22:05.429642
last_update_m = 2026-06-06 12:44:30.251529
last_update_v = 2023-10-25 16:52:16.653504

