[DEFAULT]
interv_d = 604800
interv_h = 43200
interv_m = 14400
fctnmt = cloud

[UPDATES]
last_update_d = 2025-06-04 08:10:34.233667
last_update_h = 2025-06-04 08:21:35.650816
last_update_m = 2025-06-04 04:43:32.728433
last_update_v = 2023-10-25 16:52:16.653504

