[DEFAULT]
interv_d = 604800
interv_h = 43200
interv_m = 14400
fctnmt = cloud

[UPDATES]
last_update_d = 2025-06-11 20:11:12.044181
last_update_h = 2025-06-11 20:23:22.767032
last_update_m = 2025-06-11 16:47:32.830232
last_update_v = 2023-10-25 16:52:16.653504

