[DEFAULT]
interv_d = 604800
interv_h = 43200
interv_m = 14400
fctnmt = cloud

[UPDATES]
last_update_d = 2024-10-05 20:09:53.688565
last_update_h = 2024-10-05 20:20:08.677935
last_update_m = 2024-10-05 16:41:13.161230
last_update_v = 2023-10-25 16:52:16.653504

