[DEFAULT]
interv_d = 604800
interv_h = 43200
interv_m = 14400
fctnmt = cloud

[UPDATES]
last_update_d = 2024-08-23 08:10:37.912898
last_update_h = 2024-08-23 08:21:45.753023
last_update_m = 2024-08-23 04:44:49.328413
last_update_v = 2023-10-25 16:52:16.653504

