[DEFAULT]
interv_d = 604800
interv_h = 43200
interv_m = 14400
fctnmt = cloud

[UPDATES]
last_update_d = 2024-11-17 04:09:58.678962
last_update_h = 2024-11-17 04:20:17.390858
last_update_m = 2024-11-17 04:40:48.146631
last_update_v = 2023-10-25 16:52:16.653504

