[DEFAULT]
interv_d = 604800
interv_h = 43200
interv_m = 14400
fctnmt = cloud

[UPDATES]
last_update_d = 2025-01-28 12:10:42.573910
last_update_h = 2025-01-28 12:21:41.901004
last_update_m = 2025-01-28 08:43:48.157002
last_update_v = 2023-10-25 16:52:16.653504

