[DEFAULT]
interv_d = 604800
interv_h = 43200
interv_m = 14400
fctnmt = cloud

[UPDATES]
last_update_d = 2024-02-14 12:09:40.343752
last_update_h = 2024-02-14 12:20:24.758450
last_update_m = 2024-02-14 12:41:39.828757
last_update_v = 2023-10-25 16:52:16.653504

