[DEFAULT]
interv_d = 604800
interv_h = 43200
interv_m = 14400
fctnmt = cloud

[UPDATES]
last_update_d = 2024-10-14 00:10:02.149430
last_update_h = 2024-10-14 00:20:29.355321
last_update_m = 2024-10-13 20:40:58.462077
last_update_v = 2023-10-25 16:52:16.653504

