[DEFAULT]
interv_d = 604800
interv_h = 43200
interv_m = 14400
fctnmt = cloud

[UPDATES]
last_update_d = 2025-11-22 04:10:56.779913
last_update_h = 2025-11-22 04:21:59.863835
last_update_m = 2025-11-22 04:44:17.628772
last_update_v = 2023-10-25 16:52:16.653504

