[DEFAULT]
interv_d = 604800
interv_h = 43200
interv_m = 14400
fctnmt = cloud

[UPDATES]
last_update_d = 2025-02-04 20:10:37.710993
last_update_h = 2025-02-04 20:21:36.475066
last_update_m = 2025-02-04 16:44:13.879833
last_update_v = 2023-10-25 16:52:16.653504

