[DEFAULT]
interv_d = 604800
interv_h = 43200
interv_m = 14400
fctnmt = cloud

[UPDATES]
last_update_d = 2024-01-17 20:09:30.465432
last_update_h = 2024-01-17 20:20:04.539533
last_update_m = 2024-01-17 20:40:59.633490
last_update_v = 2023-10-25 16:52:16.653504

