[DEFAULT]
interv_d = 604800
interv_h = 43200
interv_m = 14400
fctnmt = cloud

[UPDATES]
last_update_d = 2026-04-26 00:11:00.741807
last_update_h = 2026-04-26 00:22:21.814706
last_update_m = 2026-04-25 20:43:51.615913
last_update_v = 2023-10-25 16:52:16.653504

