[DEFAULT]
interv_d = 604800
interv_h = 43200
interv_m = 14400
fctnmt = cloud

[UPDATES]
last_update_d = 2025-09-17 00:10:46.454562
last_update_h = 2025-09-17 00:21:53.029434
last_update_m = 2025-09-17 00:43:42.556951
last_update_v = 2023-10-25 16:52:16.653504

