[DEFAULT]
interv_d = 604800
interv_h = 43200
interv_m = 14400
fctnmt = cloud

[UPDATES]
last_update_d = 2024-05-16 20:10:27.218531
last_update_h = 2024-05-16 20:21:45.693443
last_update_m = 2024-05-16 20:44:06.280239
last_update_v = 2023-10-25 16:52:16.653504

