[DEFAULT]
interv_d = 604800
interv_h = 43200
interv_m = 14400
fctnmt = cloud

[UPDATES]
last_update_d = 2024-08-27 12:11:00.735630
last_update_h = 2024-08-27 12:22:41.234717
last_update_m = 2024-08-27 08:45:42.463836
last_update_v = 2023-10-25 16:52:16.653504

