[DEFAULT]
interv_d = 604800
interv_h = 43200
interv_m = 14400
fctnmt = cloud

[UPDATES]
last_update_d = 2025-10-25 16:10:51.168575
last_update_h = 2025-10-25 16:21:52.772432
last_update_m = 2025-10-25 12:43:24.473593
last_update_v = 2023-10-25 16:52:16.653504

