[DEFAULT]
interv_d = 604800
interv_h = 43200
interv_m = 14400
fctnmt = cloud

[UPDATES]
last_update_d = 2024-09-05 12:10:11.264054
last_update_h = 2024-09-05 12:20:58.481920
last_update_m = 2024-09-05 12:42:30.270697
last_update_v = 2023-10-25 16:52:16.653504

