[DEFAULT]
interv_d = 604800
interv_h = 43200
interv_m = 14400
fctnmt = cloud

[UPDATES]
last_update_d = 2025-10-30 04:10:44.876898
last_update_h = 2025-10-30 04:21:35.262296
last_update_m = 2025-10-30 00:44:16.742578
last_update_v = 2023-10-25 16:52:16.653504

