[DEFAULT]
interv_d = 604800
interv_h = 43200
interv_m = 14400
fctnmt = cloud

[UPDATES]
last_update_d = 2026-04-29 20:10:57.356817
last_update_h = 2026-04-29 20:21:53.935706
last_update_m = 2026-04-29 20:43:49.646001
last_update_v = 2023-10-25 16:52:16.653504

