[DEFAULT]
interv_d = 604800
interv_h = 43200
interv_m = 14400
fctnmt = cloud

[UPDATES]
last_update_d = 2024-10-03 04:10:05.054398
last_update_h = 2024-10-03 04:20:34.849941
last_update_m = 2024-10-03 00:42:02.159653
last_update_v = 2023-10-25 16:52:16.653504

