[DEFAULT]
interv_d = 604800
interv_h = 43200
interv_m = 14400
fctnmt = cloud

[UPDATES]
last_update_d = 2026-03-22 16:10:56.628557
last_update_h = 2026-03-22 16:22:06.748696
last_update_m = 2026-03-22 12:44:17.448002
last_update_v = 2023-10-25 16:52:16.653504

