[DEFAULT]
interv_d = 604800
interv_h = 43200
interv_m = 14400
fctnmt = cloud

[UPDATES]
last_update_d = 2025-01-27 16:10:29.197533
last_update_h = 2025-01-27 16:21:22.357825
last_update_m = 2025-01-27 12:43:04.589055
last_update_v = 2023-10-25 16:52:16.653504

