[DEFAULT]
interv_d = 604800
interv_h = 43200
interv_m = 14400
fctnmt = cloud

[UPDATES]
last_update_d = 2024-07-31 08:10:29.247100
last_update_h = 2024-07-31 08:21:29.138323
last_update_m = 2024-07-31 04:43:31.049748
last_update_v = 2023-10-25 16:52:16.653504

