[DEFAULT]
interv_d = 604800
interv_h = 43200
interv_m = 14400
fctnmt = cloud

[UPDATES]
last_update_d = 2024-09-18 16:10:48.280034
last_update_h = 2024-09-18 16:22:15.692397
last_update_m = 2024-09-18 12:43:32.159279
last_update_v = 2023-10-25 16:52:16.653504

