[DEFAULT]
interv_d = 604800
interv_h = 43200
interv_m = 14400
fctnmt = cloud

[UPDATES]
last_update_d = 2024-06-25 16:10:30.683163
last_update_h = 2024-06-25 16:21:40.801076
last_update_m = 2024-06-25 12:43:45.451105
last_update_v = 2023-10-25 16:52:16.653504

