[DEFAULT]
interv_d = 604800
interv_h = 43200
interv_m = 14400
fctnmt = cloud

[UPDATES]
last_update_d = 2025-06-29 08:12:32.329558
last_update_h = 2025-06-29 08:25:11.763268
last_update_m = 2025-06-29 08:50:41.276593
last_update_v = 2023-10-25 16:52:16.653504

