[DEFAULT]
interv_d = 604800
interv_h = 43200
interv_m = 14400
fctnmt = cloud

[UPDATES]
last_update_d = 2024-11-18 12:10:33.959674
last_update_h = 2024-11-18 12:20:52.369939
last_update_m = 2024-11-18 12:41:28.382704
last_update_v = 2023-10-25 16:52:16.653504

