[DEFAULT]
interv_d = 604800
interv_h = 43200
interv_m = 14400
fctnmt = cloud

[UPDATES]
last_update_d = 2024-05-25 20:10:16.124186
last_update_h = 2024-05-25 20:21:14.804753
last_update_m = 2024-05-25 20:43:16.421361
last_update_v = 2023-10-25 16:52:16.653504

