[DEFAULT]
interv_d = 604800
interv_h = 43200
interv_m = 14400
fctnmt = cloud

[UPDATES]
last_update_d = 2025-11-22 00:11:01.470588
last_update_h = 2025-11-22 00:22:27.381687
last_update_m = 2025-11-21 20:44:51.665340
last_update_v = 2023-10-25 16:52:16.653504

