[DEFAULT]
interv_d = 604800
interv_h = 43200
interv_m = 14400
fctnmt = cloud

[UPDATES]
last_update_d = 2024-12-05 20:10:35.384642
last_update_h = 2024-12-05 20:21:37.678312
last_update_m = 2024-12-05 16:43:49.086215
last_update_v = 2023-10-25 16:52:16.653504

