[DEFAULT]
interv_d = 604800
interv_h = 43200
interv_m = 14400
fctnmt = cloud

[UPDATES]
last_update_d = 2025-08-20 00:11:13.227908
last_update_h = 2025-08-20 00:22:52.637385
last_update_m = 2025-08-20 00:45:35.244575
last_update_v = 2023-10-25 16:52:16.653504

