[DEFAULT]
interv_d = 604800
interv_h = 43200
interv_m = 14400
fctnmt = cloud

[UPDATES]
last_update_d = 2025-06-16 16:10:41.578244
last_update_h = 2025-06-16 16:21:47.846855
last_update_m = 2025-06-16 16:43:57.167811
last_update_v = 2023-10-25 16:52:16.653504

