[DEFAULT]
interv_d = 604800
interv_h = 43200
interv_m = 14400
fctnmt = cloud

[UPDATES]
last_update_d = 2025-08-20 16:11:01.848411
last_update_h = 2025-08-20 16:22:12.161540
last_update_m = 2025-08-20 12:44:30.447285
last_update_v = 2023-10-25 16:52:16.653504

