[DEFAULT]
interv_d = 604800
interv_h = 43200
interv_m = 14400
fctnmt = cloud

[UPDATES]
last_update_d = 2025-11-29 16:11:05.557255
last_update_h = 2025-11-29 16:22:12.963423
last_update_m = 2025-11-29 12:44:19.368879
last_update_v = 2023-10-25 16:52:16.653504

