[DEFAULT]
interv_d = 604800
interv_h = 43200
interv_m = 14400
fctnmt = cloud

[UPDATES]
last_update_d = 2026-07-11 08:11:03.450078
last_update_h = 2026-07-11 08:22:04.743811
last_update_m = 2026-07-11 04:43:49.146257
last_update_v = 2023-10-25 16:52:16.653504

