[DEFAULT]
interv_d = 604800
interv_h = 43200
interv_m = 14400
fctnmt = cloud

[UPDATES]
last_update_d = 2024-12-27 04:10:44.194682
last_update_h = 2024-12-27 04:21:53.266870
last_update_m = 2024-12-27 04:44:02.487463
last_update_v = 2023-10-25 16:52:16.653504

