[DEFAULT]
interv_d = 604800
interv_h = 43200
interv_m = 14400
fctnmt = cloud

[UPDATES]
last_update_d = 2024-05-06 04:10:13.437010
last_update_h = 2024-05-06 04:21:17.365454
last_update_m = 2024-05-06 00:43:24.748249
last_update_v = 2023-10-25 16:52:16.653504

