[DEFAULT]
interv_d = 604800
interv_h = 43200
interv_m = 14400
fctnmt = cloud

[UPDATES]
last_update_d = 2026-04-18 08:10:54.842711
last_update_h = 2026-04-18 08:21:59.836617
last_update_m = 2026-04-18 08:44:10.546076
last_update_v = 2023-10-25 16:52:16.653504

