[DEFAULT]
interv_d = 604800
interv_h = 43200
interv_m = 14400
fctnmt = cloud

[UPDATES]
last_update_d = 2026-06-23 08:10:53.750023
last_update_h = 2026-06-23 08:21:46.634913
last_update_m = 2026-06-23 04:43:29.432345
last_update_v = 2023-10-25 16:52:16.653504

