[DEFAULT]
interv_d = 604800
interv_h = 43200
interv_m = 14400
fctnmt = cloud

[UPDATES]
last_update_d = 2025-10-12 20:10:48.363724
last_update_h = 2025-10-12 20:21:41.668237
last_update_m = 2025-10-12 16:43:39.544162
last_update_v = 2023-10-25 16:52:16.653504

