[DEFAULT]
interv_d = 604800
interv_h = 43200
interv_m = 14400
fctnmt = cloud

[UPDATES]
last_update_d = 2025-12-06 20:10:58.728366
last_update_h = 2025-12-06 20:22:02.856782
last_update_m = 2025-12-06 20:44:34.654236
last_update_v = 2023-10-25 16:52:16.653504

