[DEFAULT]
interv_d = 604800
interv_h = 43200
interv_m = 14400
fctnmt = cloud

[UPDATES]
last_update_d = 2026-02-16 08:11:03.192359
last_update_h = 2026-02-16 08:22:08.434758
last_update_m = 2026-02-16 04:45:08.647317
last_update_v = 2023-10-25 16:52:16.653504

