[DEFAULT]
interv_d = 604800
interv_h = 43200
interv_m = 14400
fctnmt = cloud

[UPDATES]
last_update_d = 2025-06-21 12:11:36.147826
last_update_h = 2025-06-21 12:23:26.559384
last_update_m = 2025-06-21 08:47:17.244929
last_update_v = 2023-10-25 16:52:16.653504

