[DEFAULT]
interv_d = 604800
interv_h = 43200
interv_m = 14400
fctnmt = cloud

[UPDATES]
last_update_d = 2025-05-19 00:10:51.541279
last_update_h = 2025-05-19 00:22:01.651657
last_update_m = 2025-05-18 20:43:30.777715
last_update_v = 2023-10-25 16:52:16.653504

