[DEFAULT]
interv_d = 604800
interv_h = 43200
interv_m = 14400
fctnmt = cloud

[UPDATES]
last_update_d = 2026-03-22 08:10:54.632935
last_update_h = 2026-03-22 08:21:58.835368
last_update_m = 2026-03-22 04:44:38.722475
last_update_v = 2023-10-25 16:52:16.653504

