[DEFAULT]
interv_d = 604800
interv_h = 43200
interv_m = 14400
fctnmt = cloud

[UPDATES]
last_update_d = 2026-06-16 04:11:06.232927
last_update_h = 2026-06-16 04:22:03.343840
last_update_m = 2026-06-16 00:44:40.646610
last_update_v = 2023-10-25 16:52:16.653504

