[DEFAULT]
interv_d = 604800
interv_h = 43200
interv_m = 14400
fctnmt = cloud

[UPDATES]
last_update_d = 2025-02-07 04:10:44.202024
last_update_h = 2025-02-07 04:21:56.274965
last_update_m = 2025-02-07 04:44:20.889423
last_update_v = 2023-10-25 16:52:16.653504

