[DEFAULT]
interv_d = 604800
interv_h = 43200
interv_m = 14400
fctnmt = cloud

[UPDATES]
last_update_d = 2026-06-08 08:10:55.467698
last_update_h = 2026-06-08 08:21:53.583913
last_update_m = 2026-06-08 08:43:43.856016
last_update_v = 2023-10-25 16:52:16.653504

