[DEFAULT]
interv_d = 604800
interv_h = 43200
interv_m = 14400
fctnmt = cloud

[UPDATES]
last_update_d = 2025-11-04 04:11:31.274312
last_update_h = 2025-11-04 04:22:59.882155
last_update_m = 2025-11-04 00:46:47.651151
last_update_v = 2023-10-25 16:52:16.653504

