[DEFAULT]
interv_d = 604800
interv_h = 43200
interv_m = 14400
fctnmt = cloud

[UPDATES]
last_update_d = 2025-08-25 04:10:57.778372
last_update_h = 2025-08-25 04:22:01.071698
last_update_m = 2025-08-25 04:43:58.967307
last_update_v = 2023-10-25 16:52:16.653504

