[DEFAULT]
interv_d = 604800
interv_h = 43200
interv_m = 14400
fctnmt = cloud

[UPDATES]
last_update_d = 2025-11-06 12:11:25.953100
last_update_h = 2025-11-06 12:23:02.266571
last_update_m = 2025-11-06 08:46:56.747136
last_update_v = 2023-10-25 16:52:16.653504

