[DEFAULT]
interv_d = 604800
interv_h = 43200
interv_m = 14400
fctnmt = cloud

[UPDATES]
last_update_d = 2026-02-23 12:11:03.873804
last_update_h = 2026-02-23 12:22:13.087067
last_update_m = 2026-02-23 12:44:31.052162
last_update_v = 2023-10-25 16:52:16.653504

