[DEFAULT]
interv_d = 604800
interv_h = 43200
interv_m = 14400
fctnmt = cloud

[UPDATES]
last_update_d = 2025-02-12 16:11:00.700886
last_update_h = 2025-02-12 16:22:13.686520
last_update_m = 2025-02-12 16:44:35.488996
last_update_v = 2023-10-25 16:52:16.653504

