[DEFAULT]
interv_d = 604800
interv_h = 43200
interv_m = 14400
fctnmt = cloud

[UPDATES]
last_update_d = 2025-01-05 00:10:55.930171
last_update_h = 2025-01-05 00:22:19.984192
last_update_m = 2025-01-05 00:44:31.207527
last_update_v = 2023-10-25 16:52:16.653504

