[DEFAULT]
interv_d = 604800
interv_h = 43200
interv_m = 14400
fctnmt = cloud

[UPDATES]
last_update_d = 2024-11-08 08:10:08.555858
last_update_h = 2024-11-08 08:20:40.464602
last_update_m = 2024-11-08 04:41:39.569378
last_update_v = 2023-10-25 16:52:16.653504

