[DEFAULT]
interv_d = 604800
interv_h = 43200
interv_m = 14400
fctnmt = cloud

[UPDATES]
last_update_d = 2025-09-30 00:11:01.972818
last_update_h = 2025-09-30 00:22:21.451642
last_update_m = 2025-09-30 00:44:33.377978
last_update_v = 2023-10-25 16:52:16.653504

