[DEFAULT]
interv_d = 604800
interv_h = 43200
interv_m = 14400
fctnmt = cloud

[UPDATES]
last_update_d = 2025-06-22 12:12:21.362576
last_update_h = 2025-06-22 12:24:45.155238
last_update_m = 2025-06-22 08:50:09.632479
last_update_v = 2023-10-25 16:52:16.653504

