[DEFAULT]
interv_d = 604800
interv_h = 43200
interv_m = 14400
fctnmt = cloud

[UPDATES]
last_update_d = 2025-06-12 00:11:51.643276
last_update_h = 2025-06-12 00:23:53.762203
last_update_m = 2025-06-11 20:46:51.274645
last_update_v = 2023-10-25 16:52:16.653504

