[DEFAULT]
interv_d = 604800
interv_h = 43200
interv_m = 14400
fctnmt = cloud

[UPDATES]
last_update_d = 2024-07-21 08:10:08.162506
last_update_h = 2024-07-21 08:20:47.945313
last_update_m = 2024-07-21 08:42:09.162553
last_update_v = 2023-10-25 16:52:16.653504

