[DEFAULT]
interv_d = 604800
interv_h = 43200
interv_m = 14400
fctnmt = cloud

[UPDATES]
last_update_d = 2024-06-04 08:10:17.905698
last_update_h = 2024-06-04 08:21:16.221741
last_update_m = 2024-06-04 04:43:07.623143
last_update_v = 2023-10-25 16:52:16.653504

