[DEFAULT]
interv_d = 604800
interv_h = 43200
interv_m = 14400
fctnmt = cloud

[UPDATES]
last_update_d = 2026-03-19 04:10:54.431296
last_update_h = 2026-03-19 04:21:48.857403
last_update_m = 2026-03-19 04:43:41.824394
last_update_v = 2023-10-25 16:52:16.653504

