[DEFAULT]
interv_d = 604800
interv_h = 43200
interv_m = 14400
fctnmt = cloud

[UPDATES]
last_update_d = 2026-07-16 16:11:06.013512
last_update_h = 2026-07-16 16:22:21.332795
last_update_m = 2026-07-16 16:44:54.820510
last_update_v = 2023-10-25 16:52:16.653504

