[DEFAULT]
interv_d = 604800
interv_h = 43200
interv_m = 14400
fctnmt = cloud

[UPDATES]
last_update_d = 2026-06-19 12:10:42.450630
last_update_h = 2026-06-19 12:21:40.661042
last_update_m = 2026-06-19 12:43:30.936011
last_update_v = 2023-10-25 16:52:16.653504

