[DEFAULT]
interv_d = 604800
interv_h = 43200
interv_m = 14400
fctnmt = cloud

[UPDATES]
last_update_d = 2025-03-20 08:10:54.580414
last_update_h = 2025-03-20 08:22:02.388324
last_update_m = 2025-03-20 08:44:25.083111
last_update_v = 2023-10-25 16:52:16.653504

