[DEFAULT]
interv_d = 604800
interv_h = 43200
interv_m = 14400
fctnmt = cloud

[UPDATES]
last_update_d = 2026-02-19 16:10:49.881527
last_update_h = 2026-02-19 16:21:46.448758
last_update_m = 2026-02-19 12:43:43.363344
last_update_v = 2023-10-25 16:52:16.653504

