[DEFAULT]
interv_d = 604800
interv_h = 43200
interv_m = 14400
fctnmt = cloud

[UPDATES]
last_update_d = 2025-09-30 16:10:54.463072
last_update_h = 2025-09-30 16:22:02.776870
last_update_m = 2025-09-30 16:44:13.165643
last_update_v = 2023-10-25 16:52:16.653504

