[DEFAULT]
interv_d = 604800
interv_h = 43200
interv_m = 14400
fctnmt = cloud

[UPDATES]
last_update_d = 2024-09-29 08:10:11.789454
last_update_h = 2024-09-29 08:20:49.983211
last_update_m = 2024-09-29 08:41:46.347939
last_update_v = 2023-10-25 16:52:16.653504

