[DEFAULT]
interv_d = 604800
interv_h = 43200
interv_m = 14400
fctnmt = cloud

[UPDATES]
last_update_d = 2024-04-20 08:10:18.523564
last_update_h = 2024-04-20 08:21:25.048020
last_update_m = 2024-04-20 04:43:13.970116
last_update_v = 2023-10-25 16:52:16.653504

