[DEFAULT]
interv_d = 604800
interv_h = 43200
interv_m = 14400
fctnmt = cloud

[UPDATES]
last_update_d = 2025-05-19 16:10:42.970967
last_update_h = 2025-05-19 16:21:45.966367
last_update_m = 2025-05-19 16:43:44.205233
last_update_v = 2023-10-25 16:52:16.653504

