[DEFAULT]
interv_d = 604800
interv_h = 43200
interv_m = 14400
fctnmt = cloud

[UPDATES]
last_update_d = 2025-07-03 00:11:28.759309
last_update_h = 2025-07-03 00:23:40.275348
last_update_m = 2025-07-02 20:43:26.352718
last_update_v = 2023-10-25 16:52:16.653504

