[DEFAULT]
interv_d = 604800
interv_h = 43200
interv_m = 14400
fctnmt = cloud

[UPDATES]
last_update_d = 2026-01-22 00:11:16.972934
last_update_h = 2026-01-22 00:22:47.957460
last_update_m = 2026-01-21 20:45:36.126980
last_update_v = 2023-10-25 16:52:16.653504

