[DEFAULT]
interv_d = 604800
interv_h = 43200
interv_m = 14400
fctnmt = cloud

[UPDATES]
last_update_d = 2024-03-10 08:10:18.259589
last_update_h = 2024-03-10 08:21:33.969346
last_update_m = 2024-03-10 04:44:50.933439
last_update_v = 2023-10-25 16:52:16.653504

