[DEFAULT]
interv_d = 604800
interv_h = 43200
interv_m = 14400
fctnmt = cloud

[UPDATES]
last_update_d = 2025-03-09 20:10:53.487899
last_update_h = 2025-03-09 20:21:59.056675
last_update_m = 2025-03-09 16:44:10.464293
last_update_v = 2023-10-25 16:52:16.653504

