[DEFAULT]
interv_d = 604800
interv_h = 43200
interv_m = 14400
fctnmt = cloud

[UPDATES]
last_update_d = 2024-06-20 08:10:09.226999
last_update_h = 2024-06-20 08:20:52.923400
last_update_m = 2024-06-20 08:42:37.802557
last_update_v = 2023-10-25 16:52:16.653504

