[DEFAULT]
interv_d = 604800
interv_h = 43200
interv_m = 14400
fctnmt = cloud

[UPDATES]
last_update_d = 2025-01-21 20:10:43.792177
last_update_h = 2025-01-21 20:21:39.195759
last_update_m = 2025-01-21 16:43:29.595046
last_update_v = 2023-10-25 16:52:16.653504

