[DEFAULT]
interv_d = 604800
interv_h = 43200
interv_m = 14400
fctnmt = cloud

[UPDATES]
last_update_d = 2024-03-21 00:10:18.236623
last_update_h = 2024-03-21 00:21:22.416846
last_update_m = 2024-03-20 20:44:29.521290
last_update_v = 2023-10-25 16:52:16.653504

