[DEFAULT]
interv_d = 604800
interv_h = 43200
interv_m = 14400
fctnmt = cloud

[UPDATES]
last_update_d = 2025-10-16 12:10:56.946912
last_update_h = 2025-10-16 12:21:58.143929
last_update_m = 2025-10-16 08:43:49.061112
last_update_v = 2023-10-25 16:52:16.653504

