[DEFAULT]
interv_d = 604800
interv_h = 43200
interv_m = 14400
fctnmt = cloud

[UPDATES]
last_update_d = 2024-02-29 20:09:48.528851
last_update_h = 2024-02-29 20:20:38.561890
last_update_m = 2024-02-29 16:42:10.425409
last_update_v = 2023-10-25 16:52:16.653504

