[DEFAULT]
interv_d = 604800
interv_h = 43200
interv_m = 14400
fctnmt = cloud

[UPDATES]
last_update_d = 2025-08-15 00:10:58.349519
last_update_h = 2025-08-15 00:22:35.561270
last_update_m = 2025-08-15 00:45:10.948103
last_update_v = 2023-10-25 16:52:16.653504

