[DEFAULT]
interv_d = 604800
interv_h = 43200
interv_m = 14400
fctnmt = cloud

[UPDATES]
last_update_d = 2026-03-28 16:10:53.525714
last_update_h = 2026-03-28 16:21:46.552740
last_update_m = 2026-03-28 16:43:39.160730
last_update_v = 2023-10-25 16:52:16.653504

