[DEFAULT]
interv_d = 604800
interv_h = 43200
interv_m = 14400
fctnmt = cloud

[UPDATES]
last_update_d = 2026-07-19 16:11:10.647383
last_update_h = 2026-07-19 16:22:12.240175
last_update_m = 2026-07-19 16:44:18.551839
last_update_v = 2023-10-25 16:52:16.653504

