[DEFAULT]
interv_d = 604800
interv_h = 43200
interv_m = 14400
fctnmt = cloud

[UPDATES]
last_update_d = 2024-05-08 20:10:25.038304
last_update_h = 2024-05-08 20:21:25.013933
last_update_m = 2024-05-08 20:43:35.549181
last_update_v = 2023-10-25 16:52:16.653504

