[DEFAULT]
interv_d = 604800
interv_h = 43200
interv_m = 14400
fctnmt = cloud

[UPDATES]
last_update_d = 2024-11-06 08:10:08.560397
last_update_h = 2024-11-06 08:21:13.452842
last_update_m = 2024-11-06 04:41:31.186585
last_update_v = 2023-10-25 16:52:16.653504

