[DEFAULT]
interv_d = 604800
interv_h = 43200
interv_m = 14400
fctnmt = cloud

[UPDATES]
last_update_d = 2024-02-04 20:09:44.844592
last_update_h = 2024-02-04 20:20:43.133178
last_update_m = 2024-02-04 20:42:07.427314
last_update_v = 2023-10-25 16:52:16.653504

