[DEFAULT]
interv_d = 604800
interv_h = 43200
interv_m = 14400
fctnmt = cloud

[UPDATES]
last_update_d = 2025-02-13 08:10:47.480629
last_update_h = 2025-02-13 08:21:54.505193
last_update_m = 2025-02-13 08:44:15.773852
last_update_v = 2023-10-25 16:52:16.653504

