[DEFAULT]
interv_d = 604800
interv_h = 43200
interv_m = 14400
fctnmt = cloud

[UPDATES]
last_update_d = 2025-12-18 20:11:04.947115
last_update_h = 2025-12-18 20:22:02.053598
last_update_m = 2025-12-18 16:43:57.457294
last_update_v = 2023-10-25 16:52:16.653504

