[DEFAULT]
interv_d = 604800
interv_h = 43200
interv_m = 14400
fctnmt = cloud

[UPDATES]
last_update_d = 2024-12-26 12:10:43.877869
last_update_h = 2024-12-26 12:21:46.788767
last_update_m = 2024-12-26 08:43:41.275226
last_update_v = 2023-10-25 16:52:16.653504

