[DEFAULT]
interv_d = 604800
interv_h = 43200
interv_m = 14400
fctnmt = cloud

[UPDATES]
last_update_d = 2024-05-13 20:10:41.127634
last_update_h = 2024-05-13 20:22:04.001712
last_update_m = 2024-05-13 16:44:08.910304
last_update_v = 2023-10-25 16:52:16.653504

