[DEFAULT]
interv_d = 604800
interv_h = 43200
interv_m = 14400
fctnmt = cloud

[UPDATES]
last_update_d = 2025-07-13 00:10:42.470087
last_update_h = 2025-07-13 00:21:47.664793
last_update_m = 2025-07-12 20:43:36.354221
last_update_v = 2023-10-25 16:52:16.653504

