[DEFAULT]
interv_d = 604800
interv_h = 43200
interv_m = 14400
fctnmt = cloud

[UPDATES]
last_update_d = 2026-03-25 20:10:59.365697
last_update_h = 2026-03-25 20:22:07.265180
last_update_m = 2026-03-25 16:44:44.141821
last_update_v = 2023-10-25 16:52:16.653504

