[DEFAULT]
interv_d = 604800
interv_h = 43200
interv_m = 14400
fctnmt = cloud

[UPDATES]
last_update_d = 2026-03-28 08:11:00.751221
last_update_h = 2026-03-28 08:22:38.935768
last_update_m = 2026-03-28 08:44:38.314368
last_update_v = 2023-10-25 16:52:16.653504

