[DEFAULT]
interv_d = 604800
interv_h = 43200
interv_m = 14400
fctnmt = cloud

[UPDATES]
last_update_d = 2026-03-19 12:10:59.563959
last_update_h = 2026-03-19 12:22:02.824564
last_update_m = 2026-03-19 12:44:00.358580
last_update_v = 2023-10-25 16:52:16.653504

