[DEFAULT]
interv_d = 604800
interv_h = 43200
interv_m = 14400
fctnmt = cloud

[UPDATES]
last_update_d = 2024-01-21 20:09:50.854226
last_update_h = 2024-01-21 20:20:39.356170
last_update_m = 2024-01-21 16:42:34.738965
last_update_v = 2023-10-25 16:52:16.653504

