[DEFAULT]
interv_d = 604800
interv_h = 43200
interv_m = 14400
fctnmt = cloud

[UPDATES]
last_update_d = 2025-12-20 20:11:19.838999
last_update_h = 2025-12-20 20:22:42.058863
last_update_m = 2025-12-20 20:45:20.554530
last_update_v = 2023-10-25 16:52:16.653504

