[DEFAULT]
interv_d = 604800
interv_h = 43200
interv_m = 14400
fctnmt = cloud

[UPDATES]
last_update_d = 2025-08-09 12:10:49.959267
last_update_h = 2025-08-09 12:21:53.330456
last_update_m = 2025-08-09 08:44:13.067838
last_update_v = 2023-10-25 16:52:16.653504

