[DEFAULT]
interv_d = 604800
interv_h = 43200
interv_m = 14400
fctnmt = cloud

[UPDATES]
last_update_d = 2026-04-13 08:11:02.964289
last_update_h = 2026-04-13 08:22:03.437867
last_update_m = 2026-04-13 08:43:58.054042
last_update_v = 2023-10-25 16:52:16.653504

