[DEFAULT]
interv_d = 604800
interv_h = 43200
interv_m = 14400
fctnmt = cloud

[UPDATES]
last_update_d = 2025-06-26 00:12:15.553225
last_update_h = 2025-06-26 00:24:02.077496
last_update_m = 2025-06-25 20:46:08.930251
last_update_v = 2023-10-25 16:52:16.653504

