[DEFAULT]
interv_d = 604800
interv_h = 43200
interv_m = 14400
fctnmt = cloud

[UPDATES]
last_update_d = 2025-02-18 12:11:06.218853
last_update_h = 2025-02-18 12:22:18.556838
last_update_m = 2025-02-18 12:44:44.589139
last_update_v = 2023-10-25 16:52:16.653504

