[DEFAULT]
interv_d = 604800
interv_h = 43200
interv_m = 14400
fctnmt = cloud

[UPDATES]
last_update_d = 2024-03-31 04:10:18.564782
last_update_h = 2024-03-31 04:21:23.644236
last_update_m = 2024-03-31 04:44:20.549332
last_update_v = 2023-10-25 16:52:16.653504

