[DEFAULT]
interv_d = 604800
interv_h = 43200
interv_m = 14400
fctnmt = cloud

[UPDATES]
last_update_d = 2024-09-03 12:10:14.960089
last_update_h = 2024-09-03 12:20:59.878080
last_update_m = 2024-09-03 12:42:31.753924
last_update_v = 2023-10-25 16:52:16.653504

