[DEFAULT]
interv_d = 604800
interv_h = 43200
interv_m = 14400
fctnmt = cloud

[UPDATES]
last_update_d = 2025-12-26 04:11:07.530410
last_update_h = 2025-12-26 04:22:22.151006
last_update_m = 2025-12-26 00:45:37.448691
last_update_v = 2023-10-25 16:52:16.653504

