[DEFAULT]
interv_d = 604800
interv_h = 43200
interv_m = 14400
fctnmt = cloud

[UPDATES]
last_update_d = 2024-10-24 04:10:30.472549
last_update_h = 2024-10-24 04:20:53.185834
last_update_m = 2024-10-24 04:41:47.898797
last_update_v = 2023-10-25 16:52:16.653504

