[DEFAULT]
interv_d = 604800
interv_h = 43200
interv_m = 14400
fctnmt = cloud

[UPDATES]
last_update_d = 2025-05-01 08:10:45.976042
last_update_h = 2025-05-01 08:22:16.881581
last_update_m = 2025-05-01 04:44:14.987617
last_update_v = 2023-10-25 16:52:16.653504

