[DEFAULT]
interv_d = 604800
interv_h = 43200
interv_m = 14400
fctnmt = cloud

[UPDATES]
last_update_d = 2025-01-27 08:10:34.173382
last_update_h = 2025-01-27 08:21:24.701796
last_update_m = 2025-01-27 04:43:29.799782
last_update_v = 2023-10-25 16:52:16.653504

