[DEFAULT]
interv_d = 604800
interv_h = 43200
interv_m = 14400
fctnmt = cloud

[UPDATES]
last_update_d = 2026-07-02 00:11:07.841039
last_update_h = 2026-07-02 00:22:32.425880
last_update_m = 2026-07-02 00:44:49.059602
last_update_v = 2023-10-25 16:52:16.653504

