[DEFAULT]
interv_d = 604800
interv_h = 43200
interv_m = 14400
fctnmt = cloud

[UPDATES]
last_update_d = 2026-03-07 08:10:49.067233
last_update_h = 2026-03-07 08:21:41.364353
last_update_m = 2026-03-07 08:43:30.829014
last_update_v = 2023-10-25 16:52:16.653504

