[DEFAULT]
interv_d = 604800
interv_h = 43200
interv_m = 14400
fctnmt = cloud

[UPDATES]
last_update_d = 2026-07-21 20:10:47.451371
last_update_h = 2026-07-21 20:21:52.924303
last_update_m = 2026-07-21 20:44:06.614977
last_update_v = 2023-10-25 16:52:16.653504

