[DEFAULT]
interv_d = 604800
interv_h = 43200
interv_m = 14400
fctnmt = cloud

[UPDATES]
last_update_d = 2026-02-18 20:10:50.360737
last_update_h = 2026-02-18 20:21:45.271736
last_update_m = 2026-02-18 16:44:12.866910
last_update_v = 2023-10-25 16:52:16.653504

