[DEFAULT]
interv_d = 604800
interv_h = 43200
interv_m = 14400
fctnmt = cloud

[UPDATES]
last_update_d = 2026-03-29 16:10:59.361735
last_update_h = 2026-03-29 16:22:02.852427
last_update_m = 2026-03-29 12:44:36.054886
last_update_v = 2023-10-25 16:52:16.653504

