[DEFAULT]
interv_d = 604800
interv_h = 43200
interv_m = 14400
fctnmt = cloud

[UPDATES]
last_update_d = 2025-05-29 00:10:34.771068
last_update_h = 2025-05-29 00:21:53.761146
last_update_m = 2025-05-28 20:43:26.869428
last_update_v = 2023-10-25 16:52:16.653504

