[DEFAULT]
interv_d = 604800
interv_h = 43200
interv_m = 14400
fctnmt = cloud

[UPDATES]
last_update_d = 2024-07-08 00:10:20.504011
last_update_h = 2024-07-08 00:21:38.889672
last_update_m = 2024-07-08 00:43:44.058757
last_update_v = 2023-10-25 16:52:16.653504

