[DEFAULT]
interv_d = 604800
interv_h = 43200
interv_m = 14400
fctnmt = cloud

[UPDATES]
last_update_d = 2026-07-05 16:11:02.862145
last_update_h = 2026-07-05 16:22:05.842457
last_update_m = 2026-07-05 12:44:12.539924
last_update_v = 2023-10-25 16:52:16.653504

