[DEFAULT]
interv_d = 604800
interv_h = 43200
interv_m = 14400
fctnmt = cloud

[UPDATES]
last_update_d = 2025-09-15 20:10:34.865340
last_update_h = 2025-09-15 20:21:23.736483
last_update_m = 2025-09-15 20:42:53.559276
last_update_v = 2023-10-25 16:52:16.653504

