[DEFAULT]
interv_d = 604800
interv_h = 43200
interv_m = 14400
fctnmt = cloud

[UPDATES]
last_update_d = 2023-11-28 05:29:04.645418
last_update_h = 2023-12-01 14:43:40.622248
last_update_m = 2023-12-14 12:20:07.440339
last_update_v = 2023-11-29 16:34:15.839681

