[DEFAULT]
interv_d = 604800
interv_h = 43200
interv_m = 14400
fctnmt = cloud

[UPDATES]
last_update_d = 2024-05-23 12:10:18.993906
last_update_h = 2024-05-23 12:21:23.679418
last_update_m = 2024-05-23 08:43:37.778344
last_update_v = 2023-10-25 16:52:16.653504

