[DEFAULT]
interv_d = 604800
interv_h = 43200
interv_m = 14400
fctnmt = cloud

[UPDATES]
last_update_d = 2026-05-24 04:10:53.155088
last_update_h = 2026-05-24 04:21:48.744777
last_update_m = 2026-05-24 00:44:22.626193
last_update_v = 2023-10-25 16:52:16.653504

