[DEFAULT]
interv_d = 604800
interv_h = 43200
interv_m = 14400
fctnmt = cloud

[UPDATES]
last_update_d = 2025-01-22 16:10:32.768161
last_update_h = 2025-01-22 16:21:30.177992
last_update_m = 2025-01-22 16:43:15.963367
last_update_v = 2023-10-25 16:52:16.653504

