[DEFAULT]
interv_d = 604800
interv_h = 43200
interv_m = 14400
fctnmt = cloud

[UPDATES]
last_update_d = 2025-09-02 20:10:50.054744
last_update_h = 2025-09-02 20:21:55.500141
last_update_m = 2025-09-02 20:44:07.950437
last_update_v = 2023-10-25 16:52:16.653504

