[DEFAULT]
interv_d = 604800
interv_h = 43200
interv_m = 14400
fctnmt = cloud

[UPDATES]
last_update_d = 2024-08-26 16:10:47.663099
last_update_h = 2024-08-26 16:22:16.518000
last_update_m = 2024-08-26 16:45:13.312162
last_update_v = 2023-10-25 16:52:16.653504

