[DEFAULT]
interv_d = 604800
interv_h = 43200
interv_m = 14400
fctnmt = cloud

[UPDATES]
last_update_d = 2024-10-26 12:09:57.287370
last_update_h = 2024-10-26 12:21:18.252379
last_update_m = 2024-10-26 08:40:37.586718
last_update_v = 2023-10-25 16:52:16.653504

