[DEFAULT]
interv_d = 604800
interv_h = 43200
interv_m = 14400
fctnmt = cloud

[UPDATES]
last_update_d = 2025-05-01 20:10:51.301115
last_update_h = 2025-05-01 20:22:04.496721
last_update_m = 2025-05-01 20:44:12.686761
last_update_v = 2023-10-25 16:52:16.653504

