[DEFAULT]
interv_d = 604800
interv_h = 43200
interv_m = 14400
fctnmt = cloud

[UPDATES]
last_update_d = 2025-07-08 08:11:56.578512
last_update_h = 2025-07-08 08:24:08.572993
last_update_m = 2025-07-08 08:48:44.246077
last_update_v = 2023-10-25 16:52:16.653504

