[DEFAULT]
interv_d = 604800
interv_h = 43200
interv_m = 14400
fctnmt = cloud

[UPDATES]
last_update_d = 2025-04-20 04:10:50.206956
last_update_h = 2025-04-20 04:22:01.892735
last_update_m = 2025-04-20 00:44:28.195357
last_update_v = 2023-10-25 16:52:16.653504

