[DEFAULT]
interv_d = 604800
interv_h = 43200
interv_m = 14400
fctnmt = cloud

[UPDATES]
last_update_d = 2026-06-10 20:11:05.849788
last_update_h = 2026-06-10 20:22:05.837369
last_update_m = 2026-06-10 20:44:03.234940
last_update_v = 2023-10-25 16:52:16.653504

