[DEFAULT]
interv_d = 604800
interv_h = 43200
interv_m = 14400
fctnmt = cloud

[UPDATES]
last_update_d = 2024-03-18 16:10:17.825826
last_update_h = 2024-03-18 16:21:16.867889
last_update_m = 2024-03-18 16:43:15.462631
last_update_v = 2023-10-25 16:52:16.653504

