[DEFAULT]
interv_d = 604800
interv_h = 43200
interv_m = 14400
fctnmt = cloud

[UPDATES]
last_update_d = 2024-01-22 04:09:46.525574
last_update_h = 2024-01-22 04:20:24.656285
last_update_m = 2024-01-22 04:42:00.530793
last_update_v = 2023-10-25 16:52:16.653504

