[DEFAULT]
interv_d = 604800
interv_h = 43200
interv_m = 14400
fctnmt = cloud

[UPDATES]
last_update_d = 2025-01-14 00:10:46.557919
last_update_h = 2025-01-14 00:21:59.794937
last_update_m = 2025-01-13 20:44:05.201959
last_update_v = 2023-10-25 16:52:16.653504

