[DEFAULT]
interv_d = 604800
interv_h = 43200
interv_m = 14400
fctnmt = cloud

[UPDATES]
last_update_d = 2025-03-18 12:10:58.979117
last_update_h = 2025-03-18 12:22:08.302005
last_update_m = 2025-03-18 08:44:35.461682
last_update_v = 2023-10-25 16:52:16.653504

