[DEFAULT]
interv_d = 604800
interv_h = 43200
interv_m = 14400
fctnmt = cloud

[UPDATES]
last_update_d = 2025-02-23 20:10:41.976298
last_update_h = 2025-02-23 20:21:38.735151
last_update_m = 2025-02-23 20:43:37.700130
last_update_v = 2023-10-25 16:52:16.653504

