[DEFAULT]
interv_d = 604800
interv_h = 43200
interv_m = 14400
fctnmt = cloud

[UPDATES]
last_update_d = 2024-03-12 12:10:15.448238
last_update_h = 2024-03-12 12:21:27.527703
last_update_m = 2024-03-12 12:43:52.057103
last_update_v = 2023-10-25 16:52:16.653504

