[DEFAULT]
interv_d = 604800
interv_h = 43200
interv_m = 14400
fctnmt = cloud

[UPDATES]
last_update_d = 2025-09-10 04:10:52.538189
last_update_h = 2025-09-10 04:21:57.082682
last_update_m = 2025-09-10 00:44:32.134632
last_update_v = 2023-10-25 16:52:16.653504

