[DEFAULT]
interv_d = 604800
interv_h = 43200
interv_m = 14400
fctnmt = cloud

[UPDATES]
last_update_d = 2025-03-03 04:10:47.174655
last_update_h = 2025-03-03 04:21:51.768116
last_update_m = 2025-03-03 00:44:19.957095
last_update_v = 2023-10-25 16:52:16.653504

