[DEFAULT]
interv_d = 604800
interv_h = 43200
interv_m = 14400
fctnmt = cloud

[UPDATES]
last_update_d = 2025-02-01 16:10:39.597889
last_update_h = 2025-02-01 16:21:37.394056
last_update_m = 2025-02-01 12:43:35.680589
last_update_v = 2023-10-25 16:52:16.653504

