[DEFAULT]
interv_d = 604800
interv_h = 43200
interv_m = 14400
fctnmt = cloud

[UPDATES]
last_update_d = 2025-05-18 12:11:17.049878
last_update_h = 2025-05-18 12:22:22.882673
last_update_m = 2025-05-18 08:43:26.565070
last_update_v = 2023-10-25 16:52:16.653504

