[DEFAULT]
interv_d = 604800
interv_h = 43200
interv_m = 14400
fctnmt = cloud

[UPDATES]
last_update_d = 2025-08-24 20:10:50.369760
last_update_h = 2025-08-24 20:21:52.066015
last_update_m = 2025-08-24 20:43:32.452851
last_update_v = 2023-10-25 16:52:16.653504

