[DEFAULT]
interv_d = 604800
interv_h = 43200
interv_m = 14400
fctnmt = cloud

[UPDATES]
last_update_d = 2024-06-12 16:10:23.496130
last_update_h = 2024-06-12 16:21:18.708716
last_update_m = 2024-06-12 12:43:18.686516
last_update_v = 2023-10-25 16:52:16.653504

