[DEFAULT]
interv_d = 604800
interv_h = 43200
interv_m = 14400
fctnmt = cloud

[UPDATES]
last_update_d = 2025-10-17 12:10:53.975411
last_update_h = 2025-10-17 12:21:52.172683
last_update_m = 2025-10-17 12:43:59.563301
last_update_v = 2023-10-25 16:52:16.653504

