[DEFAULT]
interv_d = 604800
interv_h = 43200
interv_m = 14400
fctnmt = cloud

[UPDATES]
last_update_d = 2024-01-07 12:09:40.763133
last_update_h = 2024-01-07 12:20:03.229201
last_update_m = 2024-01-07 08:40:41.350628
last_update_v = 2023-10-25 16:52:16.653504

