[DEFAULT]
interv_d = 604800
interv_h = 43200
interv_m = 14400
fctnmt = cloud

[UPDATES]
last_update_d = 2024-02-19 12:09:57.731180
last_update_h = 2024-02-19 12:20:30.416269
last_update_m = 2024-02-19 08:42:39.029026
last_update_v = 2023-10-25 16:52:16.653504

