[DEFAULT]
interv_d = 604800
interv_h = 43200
interv_m = 14400
fctnmt = cloud

[UPDATES]
last_update_d = 2026-06-18 16:10:52.414488
last_update_h = 2026-06-18 16:21:47.312647
last_update_m = 2026-06-18 16:43:28.861605
last_update_v = 2023-10-25 16:52:16.653504

