[DEFAULT]
interv_d = 604800
interv_h = 43200
interv_m = 14400
fctnmt = cloud

[UPDATES]
last_update_d = 2024-10-26 20:10:08.668872
last_update_h = 2024-10-26 20:20:38.082759
last_update_m = 2024-10-26 16:41:22.869577
last_update_v = 2023-10-25 16:52:16.653504

