[DEFAULT]
interv_d = 604800
interv_h = 43200
interv_m = 14400
fctnmt = cloud

[UPDATES]
last_update_d = 2025-01-27 12:10:34.779089
last_update_h = 2025-01-27 12:21:24.592702
last_update_m = 2025-01-27 12:43:04.589055
last_update_v = 2023-10-25 16:52:16.653504

