[DEFAULT]
interv_d = 604800
interv_h = 43200
interv_m = 14400
fctnmt = cloud

[UPDATES]
last_update_d = 2025-02-08 12:10:53.567997
last_update_h = 2025-02-08 12:22:10.665135
last_update_m = 2025-02-08 08:43:50.918330
last_update_v = 2023-10-25 16:52:16.653504

