[DEFAULT]
interv_d = 604800
interv_h = 43200
interv_m = 14400
fctnmt = cloud

[UPDATES]
last_update_d = 2024-03-01 20:09:56.236143
last_update_h = 2024-03-01 20:20:48.168451
last_update_m = 2024-03-01 16:42:09.935183
last_update_v = 2023-10-25 16:52:16.653504

