[DEFAULT]
interv_d = 604800
interv_h = 43200
interv_m = 14400
fctnmt = cloud

[UPDATES]
last_update_d = 2025-04-23 08:10:52.707417
last_update_h = 2025-04-23 08:22:07.369978
last_update_m = 2025-04-23 04:45:16.494048
last_update_v = 2023-10-25 16:52:16.653504

