[DEFAULT]
interv_d = 604800
interv_h = 43200
interv_m = 14400
fctnmt = cloud

[UPDATES]
last_update_d = 2025-11-19 08:11:02.468029
last_update_h = 2025-11-19 08:22:13.166075
last_update_m = 2025-11-19 08:44:43.346772
last_update_v = 2023-10-25 16:52:16.653504

