[DEFAULT]
interv_d = 604800
interv_h = 43200
interv_m = 14400
fctnmt = cloud

[UPDATES]
last_update_d = 2024-07-22 16:10:07.914818
last_update_h = 2024-07-22 16:20:51.725476
last_update_m = 2024-07-22 16:42:22.724015
last_update_v = 2023-10-25 16:52:16.653504

