[DEFAULT]
interv_d = 604800
interv_h = 43200
interv_m = 14400
fctnmt = cloud

[UPDATES]
last_update_d = 2025-08-16 16:10:48.146383
last_update_h = 2025-08-16 16:21:51.276859
last_update_m = 2025-08-16 16:44:04.466348
last_update_v = 2023-10-25 16:52:16.653504

