[DEFAULT]
interv_d = 604800
interv_h = 43200
interv_m = 14400
fctnmt = cloud

[UPDATES]
last_update_d = 2025-04-14 04:10:58.668716
last_update_h = 2025-04-14 04:22:06.178215
last_update_m = 2025-04-14 04:44:27.375479
last_update_v = 2023-10-25 16:52:16.653504

