[DEFAULT]
interv_d = 604800
interv_h = 43200
interv_m = 14400
fctnmt = cloud

[UPDATES]
last_update_d = 2025-03-23 00:11:01.602494
last_update_h = 2025-03-23 00:22:26.501597
last_update_m = 2025-03-22 20:44:29.685648
last_update_v = 2023-10-25 16:52:16.653504

