[DEFAULT]
interv_d = 604800
interv_h = 43200
interv_m = 14400
fctnmt = cloud

[UPDATES]
last_update_d = 2025-07-06 20:12:05.278353
last_update_h = 2025-07-06 20:23:36.176218
last_update_m = 2025-07-06 20:47:58.927534
last_update_v = 2023-10-25 16:52:16.653504

