[DEFAULT]
interv_d = 604800
interv_h = 43200
interv_m = 14400
fctnmt = cloud

[UPDATES]
last_update_d = 2024-05-16 16:10:24.193296
last_update_h = 2024-05-16 16:21:28.428353
last_update_m = 2024-05-16 12:43:50.244643
last_update_v = 2023-10-25 16:52:16.653504

