[DEFAULT]
interv_d = 604800
interv_h = 43200
interv_m = 14400
fctnmt = cloud

[UPDATES]
last_update_d = 2025-06-05 12:10:32.657414
last_update_h = 2025-06-05 12:21:24.540478
last_update_m = 2025-06-05 08:43:43.890437
last_update_v = 2023-10-25 16:52:16.653504

