[DEFAULT]
interv_d = 604800
interv_h = 43200
interv_m = 14400
fctnmt = cloud

[UPDATES]
last_update_d = 2026-01-13 04:10:55.259130
last_update_h = 2026-01-13 04:21:46.860935
last_update_m = 2026-01-13 04:43:33.376744
last_update_v = 2023-10-25 16:52:16.653504

