[DEFAULT]
interv_d = 604800
interv_h = 43200
interv_m = 14400
fctnmt = cloud

[UPDATES]
last_update_d = 2026-06-28 00:10:56.752745
last_update_h = 2026-06-28 00:22:08.753305
last_update_m = 2026-06-27 20:43:28.423319
last_update_v = 2023-10-25 16:52:16.653504

