[DEFAULT]
interv_d = 604800
interv_h = 43200
interv_m = 14400
fctnmt = cloud

[UPDATES]
last_update_d = 2025-05-15 20:10:37.752198
last_update_h = 2025-05-15 20:21:29.853311
last_update_m = 2025-05-15 16:43:26.270037
last_update_v = 2023-10-25 16:52:16.653504

