[DEFAULT]
interv_d = 604800
interv_h = 43200
interv_m = 14400
fctnmt = cloud

[UPDATES]
last_update_d = 2025-02-08 04:10:43.084000
last_update_h = 2025-02-08 04:21:47.504696
last_update_m = 2025-02-08 00:44:18.303720
last_update_v = 2023-10-25 16:52:16.653504

