[DEFAULT]
interv_d = 604800
interv_h = 43200
interv_m = 14400
fctnmt = cloud

[UPDATES]
last_update_d = 2025-03-16 20:10:54.557975
last_update_h = 2025-03-16 20:22:03.171378
last_update_m = 2025-03-16 16:44:50.074808
last_update_v = 2023-10-25 16:52:16.653504

