[DEFAULT]
interv_d = 604800
interv_h = 43200
interv_m = 14400
fctnmt = cloud

[UPDATES]
last_update_d = 2026-03-30 08:10:58.030268
last_update_h = 2026-03-30 08:21:53.462274
last_update_m = 2026-03-30 04:44:10.163786
last_update_v = 2023-10-25 16:52:16.653504

