[DEFAULT]
interv_d = 604800
interv_h = 43200
interv_m = 14400
fctnmt = cloud

[UPDATES]
last_update_d = 2025-06-26 20:10:42.973629
last_update_h = 2025-06-26 20:22:13.269483
last_update_m = 2025-06-26 16:48:56.967139
last_update_v = 2023-10-25 16:52:16.653504

