[DEFAULT]
interv_d = 604800
interv_h = 43200
interv_m = 14400
fctnmt = cloud

[UPDATES]
last_update_d = 2026-04-23 20:10:54.231179
last_update_h = 2026-04-23 20:21:52.354752
last_update_m = 2026-04-23 16:43:38.145224
last_update_v = 2023-10-25 16:52:16.653504

