[DEFAULT]
interv_d = 604800
interv_h = 43200
interv_m = 14400
fctnmt = cloud

[UPDATES]
last_update_d = 2025-10-15 08:10:58.354737
last_update_h = 2025-10-15 08:22:04.546886
last_update_m = 2025-10-15 04:43:43.587390
last_update_v = 2023-10-25 16:52:16.653504

