[DEFAULT]
interv_d = 604800
interv_h = 43200
interv_m = 14400
fctnmt = cloud

[UPDATES]
last_update_d = 2024-01-29 00:09:36.728130
last_update_h = 2024-01-29 00:20:23.114294
last_update_m = 2024-01-28 20:41:47.648656
last_update_v = 2023-10-25 16:52:16.653504

