[DEFAULT]
interv_d = 604800
interv_h = 43200
interv_m = 14400
fctnmt = cloud

[UPDATES]
last_update_d = 2024-07-30 00:10:09.942110
last_update_h = 2024-07-30 00:20:50.224217
last_update_m = 2024-07-30 00:42:18.954723
last_update_v = 2023-10-25 16:52:16.653504

