[DEFAULT]
interv_d = 604800
interv_h = 43200
interv_m = 14400
fctnmt = cloud

[UPDATES]
last_update_d = 2024-09-18 20:10:44.267370
last_update_h = 2024-09-18 20:22:17.178364
last_update_m = 2024-09-18 20:45:04.755470
last_update_v = 2023-10-25 16:52:16.653504

