[DEFAULT]
interv_d = 604800
interv_h = 43200
interv_m = 14400
fctnmt = cloud

[UPDATES]
last_update_d = 2024-11-08 04:10:08.554142
last_update_h = 2024-11-08 04:20:37.556176
last_update_m = 2024-11-08 04:41:39.569378
last_update_v = 2023-10-25 16:52:16.653504

