[DEFAULT]
interv_d = 604800
interv_h = 43200
interv_m = 14400
fctnmt = cloud

[UPDATES]
last_update_d = 2026-07-10 04:10:57.518732
last_update_h = 2026-07-10 04:22:02.043666
last_update_m = 2026-07-10 04:44:18.029962
last_update_v = 2023-10-25 16:52:16.653504

