[DEFAULT]
interv_d = 604800
interv_h = 43200
interv_m = 14400
fctnmt = cloud

[UPDATES]
last_update_d = 2023-11-13 20:44:47.436301
last_update_h = 2023-11-13 21:29:39.860051
last_update_m = 2023-11-14 04:43:02.319142
last_update_v = 2023-11-14 08:42:11.955967

