[DEFAULT]
interv_d = 604800
interv_h = 43200
interv_m = 14400
fctnmt = cloud

[UPDATES]
last_update_d = 2025-08-29 16:10:55.578662
last_update_h = 2025-08-29 16:22:00.153952
last_update_m = 2025-08-29 16:44:08.655200
last_update_v = 2023-10-25 16:52:16.653504

