[DEFAULT]
interv_d = 604800
interv_h = 43200
interv_m = 14400
fctnmt = cloud

[UPDATES]
last_update_d = 2025-02-22 20:10:52.072079
last_update_h = 2025-02-22 20:22:00.110148
last_update_m = 2025-02-22 20:44:15.491894
last_update_v = 2023-10-25 16:52:16.653504

