[DEFAULT]
interv_d = 604800
interv_h = 43200
interv_m = 14400
fctnmt = cloud

[UPDATES]
last_update_d = 2025-04-05 00:11:07.197593
last_update_h = 2025-04-05 00:22:35.501722
last_update_m = 2025-04-05 00:45:05.800629
last_update_v = 2023-10-25 16:52:16.653504

