[DEFAULT]
interv_d = 604800
interv_h = 43200
interv_m = 14400
fctnmt = cloud

[UPDATES]
last_update_d = 2025-12-18 12:10:52.757921
last_update_h = 2025-12-18 12:21:53.830844
last_update_m = 2025-12-18 12:43:59.739475
last_update_v = 2023-10-25 16:52:16.653504

