[DEFAULT]
interv_d = 604800
interv_h = 43200
interv_m = 14400
fctnmt = cloud

[UPDATES]
last_update_d = 2024-04-20 12:10:16.164228
last_update_h = 2024-04-20 12:21:15.358585
last_update_m = 2024-04-20 12:43:16.543403
last_update_v = 2023-10-25 16:52:16.653504

