[DEFAULT]
interv_d = 604800
interv_h = 43200
interv_m = 14400
fctnmt = cloud

[UPDATES]
last_update_d = 2025-04-03 16:11:00.606739
last_update_h = 2025-04-03 16:22:15.486770
last_update_m = 2025-04-03 12:44:31.176203
last_update_v = 2023-10-25 16:52:16.653504

