[DEFAULT]
interv_d = 604800
interv_h = 43200
interv_m = 14400
fctnmt = cloud

[UPDATES]
last_update_d = 2025-08-30 00:10:58.775661
last_update_h = 2025-08-30 00:22:20.839184
last_update_m = 2025-08-29 20:45:35.772408
last_update_v = 2023-10-25 16:52:16.653504

