[DEFAULT]
interv_d = 604800
interv_h = 43200
interv_m = 14400
fctnmt = cloud

[UPDATES]
last_update_d = 2025-02-15 20:10:49.598360
last_update_h = 2025-02-15 20:21:59.007717
last_update_m = 2025-02-15 16:44:45.577479
last_update_v = 2023-10-25 16:52:16.653504

