[DEFAULT]
interv_d = 604800
interv_h = 43200
interv_m = 14400
fctnmt = cloud

[UPDATES]
last_update_d = 2025-07-30 04:10:39.939252
last_update_h = 2025-07-30 04:21:27.949362
last_update_m = 2025-07-30 04:43:25.954388
last_update_v = 2023-10-25 16:52:16.653504

