[DEFAULT]
interv_d = 604800
interv_h = 43200
interv_m = 14400
fctnmt = cloud

[UPDATES]
last_update_d = 2026-02-13 16:11:17.051674
last_update_h = 2026-02-13 16:22:39.840884
last_update_m = 2026-02-13 12:45:14.975229
last_update_v = 2023-10-25 16:52:16.653504

