[DEFAULT]
interv_d = 604800
interv_h = 43200
interv_m = 14400
fctnmt = cloud

[UPDATES]
last_update_d = 2024-12-05 00:10:33.383976
last_update_h = 2024-12-05 00:21:41.111110
last_update_m = 2024-12-04 20:44:02.077437
last_update_v = 2023-10-25 16:52:16.653504

