[DEFAULT]
interv_d = 604800
interv_h = 43200
interv_m = 14400
fctnmt = cloud

[UPDATES]
last_update_d = 2024-06-29 12:10:09.380208
last_update_h = 2024-06-29 12:21:03.566683
last_update_m = 2024-06-29 12:42:50.365025
last_update_v = 2023-10-25 16:52:16.653504

