[DEFAULT]
interv_d = 604800
interv_h = 43200
interv_m = 14400
fctnmt = cloud

[UPDATES]
last_update_d = 2026-03-11 00:10:54.730789
last_update_h = 2026-03-11 00:22:12.939129
last_update_m = 2026-03-11 00:43:54.068996
last_update_v = 2023-10-25 16:52:16.653504

