[DEFAULT]
interv_d = 604800
interv_h = 43200
interv_m = 14400
fctnmt = cloud

[UPDATES]
last_update_d = 2025-09-25 00:11:21.065566
last_update_h = 2025-09-25 00:23:01.270203
last_update_m = 2025-09-25 00:46:03.033859
last_update_v = 2023-10-25 16:52:16.653504

