[DEFAULT]
interv_d = 604800
interv_h = 43200
interv_m = 14400
fctnmt = cloud

[UPDATES]
last_update_d = 2025-03-02 04:11:00.377764
last_update_h = 2025-03-02 04:22:18.404579
last_update_m = 2025-03-02 00:44:14.269577
last_update_v = 2023-10-25 16:52:16.653504

