[DEFAULT]
interv_d = 604800
interv_h = 43200
interv_m = 14400
fctnmt = cloud

[UPDATES]
last_update_d = 2025-06-30 08:12:11.763295
last_update_h = 2025-06-30 08:24:45.046416
last_update_m = 2025-06-30 08:50:17.869947
last_update_v = 2023-10-25 16:52:16.653504

