[DEFAULT]
interv_d = 604800
interv_h = 43200
interv_m = 14400
fctnmt = cloud

[UPDATES]
last_update_d = 2025-03-13 16:10:47.407222
last_update_h = 2025-03-13 16:21:54.721497
last_update_m = 2025-03-13 16:44:13.165566
last_update_v = 2023-10-25 16:52:16.653504

