[DEFAULT]
interv_d = 604800
interv_h = 43200
interv_m = 14400
fctnmt = cloud

[UPDATES]
last_update_d = 2025-07-11 04:11:12.874898
last_update_h = 2025-07-11 04:22:58.729126
last_update_m = 2025-07-11 00:48:31.588835
last_update_v = 2023-10-25 16:52:16.653504

