[DEFAULT]
interv_d = 604800
interv_h = 43200
interv_m = 14400
fctnmt = cloud

[UPDATES]
last_update_d = 2024-01-19 12:10:02.628829
last_update_h = 2024-01-19 12:20:48.565002
last_update_m = 2024-01-19 08:41:43.741905
last_update_v = 2023-10-25 16:52:16.653504

