[DEFAULT]
interv_d = 604800
interv_h = 43200
interv_m = 14400
fctnmt = cloud

[UPDATES]
last_update_d = 2025-02-03 00:10:38.355303
last_update_h = 2025-02-03 00:21:55.909030
last_update_m = 2025-02-02 20:43:52.072453
last_update_v = 2023-10-25 16:52:16.653504

