[DEFAULT]
interv_d = 604800
interv_h = 43200
interv_m = 14400
fctnmt = cloud

[UPDATES]
last_update_d = 2024-04-14 04:10:22.565918
last_update_h = 2024-04-14 04:21:38.656007
last_update_m = 2024-04-14 04:43:49.314322
last_update_v = 2023-10-25 16:52:16.653504

