[DEFAULT]
interv_d = 604800
interv_h = 43200
interv_m = 14400
fctnmt = cloud

[UPDATES]
last_update_d = 2025-04-09 12:10:50.296502
last_update_h = 2025-04-09 12:21:59.475762
last_update_m = 2025-04-09 12:44:21.565220
last_update_v = 2023-10-25 16:52:16.653504

