[DEFAULT]
interv_d = 604800
interv_h = 43200
interv_m = 14400
fctnmt = cloud

[UPDATES]
last_update_d = 2025-11-23 20:11:10.446734
last_update_h = 2025-11-23 20:22:26.970978
last_update_m = 2025-11-23 16:45:18.365222
last_update_v = 2023-10-25 16:52:16.653504

