[DEFAULT]
interv_d = 604800
interv_h = 43200
interv_m = 14400
fctnmt = cloud

[UPDATES]
last_update_d = 2026-03-13 12:11:00.835295
last_update_h = 2026-03-13 12:22:03.759310
last_update_m = 2026-03-13 08:43:56.031676
last_update_v = 2023-10-25 16:52:16.653504

