[DEFAULT]
interv_d = 604800
interv_h = 43200
interv_m = 14400
fctnmt = cloud

[UPDATES]
last_update_d = 2024-03-07 12:09:56.824796
last_update_h = 2024-03-07 12:20:51.425349
last_update_m = 2024-03-07 08:42:11.533347
last_update_v = 2023-10-25 16:52:16.653504

