[DEFAULT]
interv_d = 604800
interv_h = 43200
interv_m = 14400
fctnmt = cloud

[UPDATES]
last_update_d = 2024-01-31 20:09:43.364802
last_update_h = 2024-01-31 20:20:22.240575
last_update_m = 2024-01-31 16:41:31.038261
last_update_v = 2023-10-25 16:52:16.653504

