[DEFAULT]
interv_d = 604800
interv_h = 43200
interv_m = 14400
fctnmt = cloud

[UPDATES]
last_update_d = 2024-05-30 08:10:47.178326
last_update_h = 2024-05-30 08:21:52.312249
last_update_m = 2024-05-30 08:44:06.798364
last_update_v = 2023-10-25 16:52:16.653504

