[DEFAULT]
interv_d = 604800
interv_h = 43200
interv_m = 14400
fctnmt = cloud

[UPDATES]
last_update_d = 2025-05-09 16:10:35.678517
last_update_h = 2025-05-09 16:21:29.156867
last_update_m = 2025-05-09 12:43:09.273694
last_update_v = 2023-10-25 16:52:16.653504

