[DEFAULT]
interv_d = 604800
interv_h = 43200
interv_m = 14400
fctnmt = cloud

[UPDATES]
last_update_d = 2024-07-06 12:10:13.556992
last_update_h = 2024-07-06 12:20:59.788510
last_update_m = 2024-07-06 12:42:47.076907
last_update_v = 2023-10-25 16:52:16.653504

