[DEFAULT]
interv_d = 604800
interv_h = 43200
interv_m = 14400
fctnmt = cloud

[UPDATES]
last_update_d = 2024-08-25 08:10:55.753750
last_update_h = 2024-08-25 08:22:24.060291
last_update_m = 2024-08-25 08:45:15.947237
last_update_v = 2023-10-25 16:52:16.653504

