[DEFAULT]
interv_d = 604800
interv_h = 43200
interv_m = 14400
fctnmt = cloud

[UPDATES]
last_update_d = 2024-05-23 04:10:20.001023
last_update_h = 2024-05-23 04:21:17.095081
last_update_m = 2024-05-23 00:43:51.827598
last_update_v = 2023-10-25 16:52:16.653504

