[DEFAULT]
interv_d = 604800
interv_h = 43200
interv_m = 14400
fctnmt = cloud

[UPDATES]
last_update_d = 2024-06-06 00:10:18.700454
last_update_h = 2024-06-06 00:21:24.919537
last_update_m = 2024-06-06 00:43:19.017154
last_update_v = 2023-10-25 16:52:16.653504

