[DEFAULT]
interv_d = 604800
interv_h = 43200
interv_m = 14400
fctnmt = cloud

[UPDATES]
last_update_d = 2023-11-28 05:29:04.645418
last_update_h = 2023-11-28 06:58:16.526146
last_update_m = 2023-11-28 08:39:36.213215
last_update_v = 2023-11-28 11:06:16.045611

