[DEFAULT]
interv_d = 604800
interv_h = 43200
interv_m = 14400
fctnmt = cloud

[UPDATES]
last_update_d = 2026-05-07 04:10:50.544756
last_update_h = 2026-05-07 04:21:38.052780
last_update_m = 2026-05-07 00:43:56.514110
last_update_v = 2023-10-25 16:52:16.653504

