[DEFAULT]
interv_d = 604800
interv_h = 43200
interv_m = 14400
fctnmt = cloud

[UPDATES]
last_update_d = 2026-04-04 20:10:48.034755
last_update_h = 2026-04-04 20:21:51.146641
last_update_m = 2026-04-04 16:43:48.978479
last_update_v = 2023-10-25 16:52:16.653504

