[DEFAULT]
interv_d = 604800
interv_h = 43200
interv_m = 14400
fctnmt = cloud

[UPDATES]
last_update_d = 2026-04-01 20:10:55.636064
last_update_h = 2026-04-01 20:21:48.465877
last_update_m = 2026-04-01 16:43:56.259466
last_update_v = 2023-10-25 16:52:16.653504

