[DEFAULT]
interv_d = 604800
interv_h = 43200
interv_m = 14400
fctnmt = cloud

[UPDATES]
last_update_d = 2026-07-16 00:11:10.788458
last_update_h = 2026-07-16 00:22:40.469240
last_update_m = 2026-07-15 20:44:29.638685
last_update_v = 2023-10-25 16:52:16.653504

