[DEFAULT]
interv_d = 604800
interv_h = 43200
interv_m = 14400
fctnmt = cloud

[UPDATES]
last_update_d = 2026-07-10 08:11:10.763224
last_update_h = 2026-07-10 08:22:17.526906
last_update_m = 2026-07-10 04:44:18.029962
last_update_v = 2023-10-25 16:52:16.653504

