[DEFAULT]
interv_d = 604800
interv_h = 43200
interv_m = 14400
fctnmt = cloud

[UPDATES]
last_update_d = 2024-04-24 20:10:32.423272
last_update_h = 2024-04-24 20:21:44.932256
last_update_m = 2024-04-24 16:43:46.533144
last_update_v = 2023-10-25 16:52:16.653504

