[DEFAULT]
interv_d = 604800
interv_h = 43200
interv_m = 14400
fctnmt = cloud

[UPDATES]
last_update_d = 2025-11-05 12:11:36.582219
last_update_h = 2025-11-05 12:23:11.579392
last_update_m = 2025-11-05 12:46:38.248810
last_update_v = 2023-10-25 16:52:16.653504

