[DEFAULT]
interv_d = 604800
interv_h = 43200
interv_m = 14400
fctnmt = cloud

[UPDATES]
last_update_d = 2024-05-25 04:10:17.725449
last_update_h = 2024-05-25 04:21:22.727729
last_update_m = 2024-05-25 00:43:38.693322
last_update_v = 2023-10-25 16:52:16.653504

