[DEFAULT]
interv_d = 604800
interv_h = 43200
interv_m = 14400
fctnmt = cloud

[UPDATES]
last_update_d = 2026-03-26 00:10:56.160323
last_update_h = 2026-03-26 00:22:25.741214
last_update_m = 2026-03-25 20:44:24.561308
last_update_v = 2023-10-25 16:52:16.653504

