[DEFAULT]
interv_d = 604800
interv_h = 43200
interv_m = 14400
fctnmt = cloud

[UPDATES]
last_update_d = 2026-04-17 16:11:07.026572
last_update_h = 2026-04-17 16:22:11.068735
last_update_m = 2026-04-17 16:44:18.653221
last_update_v = 2023-10-25 16:52:16.653504

