[DEFAULT]
interv_d = 604800
interv_h = 43200
interv_m = 14400
fctnmt = cloud

[UPDATES]
last_update_d = 2025-02-26 20:10:39.706703
last_update_h = 2025-02-26 20:21:39.806624
last_update_m = 2025-02-26 20:43:48.211739
last_update_v = 2023-10-25 16:52:16.653504

