[DEFAULT]
interv_d = 604800
interv_h = 43200
interv_m = 14400
fctnmt = cloud

[UPDATES]
last_update_d = 2026-07-12 12:11:06.726141
last_update_h = 2026-07-12 12:22:07.756629
last_update_m = 2026-07-12 08:44:20.340098
last_update_v = 2023-10-25 16:52:16.653504

