[DEFAULT]
interv_d = 604800
interv_h = 43200
interv_m = 14400
fctnmt = cloud

[UPDATES]
last_update_d = 2024-07-08 16:10:16.878100
last_update_h = 2024-07-08 16:21:14.963606
last_update_m = 2024-07-08 16:43:21.060070
last_update_v = 2023-10-25 16:52:16.653504

