[DEFAULT]
interv_d = 604800
interv_h = 43200
interv_m = 14400
fctnmt = cloud

[UPDATES]
last_update_d = 2025-05-09 08:10:38.368487
last_update_h = 2025-05-09 08:21:29.602557
last_update_m = 2025-05-09 04:43:26.849982
last_update_v = 2023-10-25 16:52:16.653504

