[DEFAULT]
interv_d = 604800
interv_h = 43200
interv_m = 14400
fctnmt = cloud

[UPDATES]
last_update_d = 2025-09-06 16:10:57.975634
last_update_h = 2025-09-06 16:22:10.879628
last_update_m = 2025-09-06 16:44:34.928622
last_update_v = 2023-10-25 16:52:16.653504

