[DEFAULT]
interv_d = 604800
interv_h = 43200
interv_m = 14400
fctnmt = cloud

[UPDATES]
last_update_d = 2025-11-25 08:11:03.968662
last_update_h = 2025-11-25 08:22:15.967337
last_update_m = 2025-11-25 08:44:46.847554
last_update_v = 2023-10-25 16:52:16.653504

