[DEFAULT]
interv_d = 604800
interv_h = 43200
interv_m = 14400
fctnmt = cloud

[UPDATES]
last_update_d = 2025-05-07 04:10:38.459265
last_update_h = 2025-05-07 04:21:40.159047
last_update_m = 2025-05-07 04:43:58.036899
last_update_v = 2023-10-25 16:52:16.653504

