[DEFAULT]
interv_d = 604800
interv_h = 43200
interv_m = 14400
fctnmt = cloud

[UPDATES]
last_update_d = 2026-04-03 16:10:49.953673
last_update_h = 2026-04-03 16:21:48.626177
last_update_m = 2026-04-03 16:43:45.548089
last_update_v = 2023-10-25 16:52:16.653504

