[DEFAULT]
interv_d = 604800
interv_h = 43200
interv_m = 14400
fctnmt = cloud

[UPDATES]
last_update_d = 2025-01-04 16:10:45.800417
last_update_h = 2025-01-04 16:21:51.482655
last_update_m = 2025-01-04 16:44:08.785168
last_update_v = 2023-10-25 16:52:16.653504

