[DEFAULT]
interv_d = 604800
interv_h = 43200
interv_m = 14400
fctnmt = cloud

[UPDATES]
last_update_d = 2025-06-01 04:10:45.448097
last_update_h = 2025-06-01 04:21:42.947367
last_update_m = 2025-06-01 04:43:32.468823
last_update_v = 2023-10-25 16:52:16.653504

