[DEFAULT]
interv_d = 604800
interv_h = 43200
interv_m = 14400
fctnmt = cloud

[UPDATES]
last_update_d = 2025-07-02 20:10:37.740449
last_update_h = 2025-07-02 20:21:33.234782
last_update_m = 2025-07-02 16:46:02.727980
last_update_v = 2023-10-25 16:52:16.653504

