[DEFAULT]
interv_d = 604800
interv_h = 43200
interv_m = 14400
fctnmt = cloud

[UPDATES]
last_update_d = 2025-06-11 16:11:03.977388
last_update_h = 2025-06-11 16:22:40.781580
last_update_m = 2025-06-11 16:47:32.830232
last_update_v = 2023-10-25 16:52:16.653504

