[DEFAULT]
interv_d = 604800
interv_h = 43200
interv_m = 14400
fctnmt = cloud

[UPDATES]
last_update_d = 2025-12-27 00:11:10.855952
last_update_h = 2025-12-27 00:22:33.477836
last_update_m = 2025-12-26 20:44:39.580157
last_update_v = 2023-10-25 16:52:16.653504

