[DEFAULT]
interv_d = 604800
interv_h = 43200
interv_m = 14400
fctnmt = cloud

[UPDATES]
last_update_d = 2026-05-09 08:10:56.150944
last_update_h = 2026-05-09 08:21:53.563801
last_update_m = 2026-05-09 08:43:57.660138
last_update_v = 2023-10-25 16:52:16.653504

