[DEFAULT]
interv_d = 604800
interv_h = 43200
interv_m = 14400
fctnmt = cloud

[UPDATES]
last_update_d = 2024-11-27 12:10:04.555488
last_update_h = 2024-11-27 12:20:30.855789
last_update_m = 2024-11-27 08:40:37.780159
last_update_v = 2023-10-25 16:52:16.653504

