[DEFAULT]
interv_d = 604800
interv_h = 43200
interv_m = 14400
fctnmt = cloud

[UPDATES]
last_update_d = 2026-03-17 08:10:48.046852
last_update_h = 2026-03-17 08:21:42.559422
last_update_m = 2026-03-17 04:43:34.444111
last_update_v = 2023-10-25 16:52:16.653504

