[DEFAULT]
interv_d = 604800
interv_h = 43200
interv_m = 14400
fctnmt = cloud

[UPDATES]
last_update_d = 2024-12-02 00:10:40.414701
last_update_h = 2024-12-02 00:22:00.692916
last_update_m = 2024-12-01 20:43:59.712998
last_update_v = 2023-10-25 16:52:16.653504

