[DEFAULT]
interv_d = 604800
interv_h = 43200
interv_m = 14400
fctnmt = cloud

[UPDATES]
last_update_d = 2024-04-30 04:10:26.540091
last_update_h = 2024-04-30 04:21:29.566103
last_update_m = 2024-04-30 00:43:22.534864
last_update_v = 2023-10-25 16:52:16.653504

