[DEFAULT]
interv_d = 604800
interv_h = 43200
interv_m = 14400
fctnmt = cloud

[UPDATES]
last_update_d = 2024-11-13 16:09:57.078771
last_update_h = 2024-11-13 16:20:11.671713
last_update_m = 2024-11-13 16:40:43.798746
last_update_v = 2023-10-25 16:52:16.653504

