[DEFAULT]
interv_d = 604800
interv_h = 43200
interv_m = 14400
fctnmt = cloud

[UPDATES]
last_update_d = 2025-04-24 16:11:04.692995
last_update_h = 2025-04-24 16:22:28.510635
last_update_m = 2025-04-24 12:44:20.975501
last_update_v = 2023-10-25 16:52:16.653504

