[DEFAULT]
interv_d = 604800
interv_h = 43200
interv_m = 14400
fctnmt = cloud

[UPDATES]
last_update_d = 2025-10-03 04:10:49.963249
last_update_h = 2025-10-03 04:21:51.563888
last_update_m = 2025-10-03 00:45:57.154729
last_update_v = 2023-10-25 16:52:16.653504

