[DEFAULT]
interv_d = 604800
interv_h = 43200
interv_m = 14400
fctnmt = cloud

[UPDATES]
last_update_d = 2025-11-14 12:11:10.155549
last_update_h = 2025-11-14 12:22:30.262913
last_update_m = 2025-11-14 08:44:51.342047
last_update_v = 2023-10-25 16:52:16.653504

