[DEFAULT]
interv_d = 604800
interv_h = 43200
interv_m = 14400
fctnmt = cloud

[UPDATES]
last_update_d = 2026-05-17 16:10:57.739769
last_update_h = 2026-05-17 16:21:58.516105
last_update_m = 2026-05-17 16:43:54.335352
last_update_v = 2023-10-25 16:52:16.653504

