[DEFAULT]
interv_d = 604800
interv_h = 43200
interv_m = 14400
fctnmt = cloud

[UPDATES]
last_update_d = 2025-09-24 04:10:59.345881
last_update_h = 2025-09-24 04:22:02.331001
last_update_m = 2025-09-24 04:44:16.656569
last_update_v = 2023-10-25 16:52:16.653504

