[DEFAULT]
interv_d = 604800
interv_h = 43200
interv_m = 14400
fctnmt = cloud

[UPDATES]
last_update_d = 2025-02-01 00:11:03.192263
last_update_h = 2025-02-01 00:22:19.109386
last_update_m = 2025-01-31 20:44:06.359414
last_update_v = 2023-10-25 16:52:16.653504

