[DEFAULT]
interv_d = 604800
interv_h = 43200
interv_m = 14400
fctnmt = cloud

[UPDATES]
last_update_d = 2024-03-27 20:10:22.355838
last_update_h = 2024-03-27 20:21:42.651959
last_update_m = 2024-03-27 16:43:51.435188
last_update_v = 2023-10-25 16:52:16.653504

