[DEFAULT]
interv_d = 604800
interv_h = 43200
interv_m = 14400
fctnmt = cloud

[UPDATES]
last_update_d = 2026-01-11 16:10:57.777258
last_update_h = 2026-01-11 16:22:00.191739
last_update_m = 2026-01-11 16:43:57.179128
last_update_v = 2023-10-25 16:52:16.653504

