[DEFAULT]
interv_d = 604800
interv_h = 43200
interv_m = 14400
fctnmt = cloud

[UPDATES]
last_update_d = 2024-12-14 00:10:45.132547
last_update_h = 2024-12-14 00:21:59.293925
last_update_m = 2024-12-14 00:44:12.764375
last_update_v = 2023-10-25 16:52:16.653504

