[DEFAULT]
interv_d = 604800
interv_h = 43200
interv_m = 14400
fctnmt = cloud

[UPDATES]
last_update_d = 2026-05-15 04:11:02.124870
last_update_h = 2026-05-15 04:21:58.830019
last_update_m = 2026-05-15 04:43:48.658609
last_update_v = 2023-10-25 16:52:16.653504

