[DEFAULT]
interv_d = 604800
interv_h = 43200
interv_m = 14400
fctnmt = cloud

[UPDATES]
last_update_d = 2024-08-08 04:10:49.221613
last_update_h = 2024-08-08 04:22:11.320925
last_update_m = 2024-08-08 04:44:52.770289
last_update_v = 2023-10-25 16:52:16.653504

