[DEFAULT]
interv_d = 604800
interv_h = 43200
interv_m = 14400
fctnmt = cloud

[UPDATES]
last_update_d = 2025-01-05 12:10:48.997211
last_update_h = 2025-01-05 12:21:55.305592
last_update_m = 2025-01-05 12:43:58.465378
last_update_v = 2023-10-25 16:52:16.653504

