[DEFAULT]
interv_d = 604800
interv_h = 43200
interv_m = 14400
fctnmt = cloud

[UPDATES]
last_update_d = 2026-07-11 16:11:00.555569
last_update_h = 2026-07-11 16:22:04.154629
last_update_m = 2026-07-11 16:44:10.555300
last_update_v = 2023-10-25 16:52:16.653504

