[DEFAULT]
interv_d = 604800
interv_h = 43200
interv_m = 14400
fctnmt = cloud

[UPDATES]
last_update_d = 2025-06-12 08:11:57.844541
last_update_h = 2025-06-12 08:23:59.134263
last_update_m = 2025-06-12 04:48:48.359259
last_update_v = 2023-10-25 16:52:16.653504

