[DEFAULT]
interv_d = 604800
interv_h = 43200
interv_m = 14400
fctnmt = cloud

[UPDATES]
last_update_d = 2024-10-15 04:09:58.744646
last_update_h = 2024-10-15 04:20:26.751422
last_update_m = 2024-10-15 04:41:09.745332
last_update_v = 2023-10-25 16:52:16.653504

