[DEFAULT]
interv_d = 604800
interv_h = 43200
interv_m = 14400
fctnmt = cloud

[UPDATES]
last_update_d = 2024-01-19 16:09:45.566683
last_update_h = 2024-01-19 16:20:24.060287
last_update_m = 2024-01-19 12:42:20.566528
last_update_v = 2023-10-25 16:52:16.653504

