[DEFAULT]
interv_d = 604800
interv_h = 43200
interv_m = 14400
fctnmt = cloud

[UPDATES]
last_update_d = 2025-08-05 12:10:44.547743
last_update_h = 2025-08-05 12:21:40.745392
last_update_m = 2025-08-05 12:43:32.254651
last_update_v = 2023-10-25 16:52:16.653504

