[DEFAULT]
interv_d = 604800
interv_h = 43200
interv_m = 14400
fctnmt = cloud

[UPDATES]
last_update_d = 2024-03-20 16:10:30.657227
last_update_h = 2024-03-20 16:21:54.439815
last_update_m = 2024-03-20 12:44:32.664165
last_update_v = 2023-10-25 16:52:16.653504

