[DEFAULT]
interv_d = 604800
interv_h = 43200
interv_m = 14400
fctnmt = cloud

[UPDATES]
last_update_d = 2025-11-10 12:11:09.328825
last_update_h = 2025-11-10 12:22:38.653436
last_update_m = 2025-11-10 08:45:34.561895
last_update_v = 2023-10-25 16:52:16.653504

