[DEFAULT]
interv_d = 604800
interv_h = 43200
interv_m = 14400
fctnmt = cloud

[UPDATES]
last_update_d = 2024-09-29 12:10:03.245397
last_update_h = 2024-09-29 12:20:33.987860
last_update_m = 2024-09-29 12:41:23.375157
last_update_v = 2023-10-25 16:52:16.653504

