[DEFAULT]
interv_d = 604800
interv_h = 43200
interv_m = 14400
fctnmt = cloud

[UPDATES]
last_update_d = 2024-01-10 00:09:29.251691
last_update_h = 2024-01-10 00:19:48.916247
last_update_m = 2024-01-10 00:40:32.957206
last_update_v = 2023-10-25 16:52:16.653504

