[DEFAULT]
interv_d = 604800
interv_h = 43200
interv_m = 14400
fctnmt = cloud

[UPDATES]
last_update_d = 2025-02-28 04:10:47.472168
last_update_h = 2025-02-28 04:21:40.576469
last_update_m = 2025-02-28 00:44:21.358603
last_update_v = 2023-10-25 16:52:16.653504

