[DEFAULT]
interv_d = 604800
interv_h = 43200
interv_m = 14400
fctnmt = cloud

[UPDATES]
last_update_d = 2025-04-28 12:10:53.893301
last_update_h = 2025-04-28 12:22:03.302857
last_update_m = 2025-04-28 12:44:13.474609
last_update_v = 2023-10-25 16:52:16.653504

