[DEFAULT]
interv_d = 604800
interv_h = 43200
interv_m = 14400
fctnmt = cloud

[UPDATES]
last_update_d = 2026-03-12 00:11:07.489757
last_update_h = 2026-03-12 00:22:28.051490
last_update_m = 2026-03-11 20:43:54.449265
last_update_v = 2023-10-25 16:52:16.653504

