[DEFAULT]
interv_d = 604800
interv_h = 43200
interv_m = 14400
fctnmt = cloud

[UPDATES]
last_update_d = 2024-07-04 08:10:32.397991
last_update_h = 2024-07-04 08:21:35.557846
last_update_m = 2024-07-04 08:43:45.202529
last_update_v = 2023-10-25 16:52:16.653504

