[DEFAULT]
interv_d = 604800
interv_h = 43200
interv_m = 14400
fctnmt = cloud

[UPDATES]
last_update_d = 2025-05-22 00:10:52.282286
last_update_h = 2025-05-22 00:22:04.064233
last_update_m = 2025-05-21 20:44:13.741669
last_update_v = 2023-10-25 16:52:16.653504

