[DEFAULT]
interv_d = 604800
interv_h = 43200
interv_m = 14400
fctnmt = cloud

[UPDATES]
last_update_d = 2026-05-15 20:10:55.770779
last_update_h = 2026-05-15 20:22:00.926247
last_update_m = 2026-05-15 16:43:54.530313
last_update_v = 2023-10-25 16:52:16.653504

