[DEFAULT]
interv_d = 604800
interv_h = 43200
interv_m = 14400
fctnmt = cloud

[UPDATES]
last_update_d = 2024-06-11 12:10:20.696270
last_update_h = 2024-06-11 12:21:21.506411
last_update_m = 2024-06-11 12:43:32.515221
last_update_v = 2023-10-25 16:52:16.653504

