[DEFAULT]
interv_d = 604800
interv_h = 43200
interv_m = 14400
fctnmt = cloud

[UPDATES]
last_update_d = 2026-03-09 04:10:56.354699
last_update_h = 2026-03-09 04:22:08.123556
last_update_m = 2026-03-09 00:44:41.158558
last_update_v = 2023-10-25 16:52:16.653504

