[DEFAULT]
interv_d = 604800
interv_h = 43200
interv_m = 14400
fctnmt = cloud

[UPDATES]
last_update_d = 2025-10-20 04:11:15.161577
last_update_h = 2025-10-20 04:22:47.866259
last_update_m = 2025-10-20 00:44:23.833771
last_update_v = 2023-10-25 16:52:16.653504

