[DEFAULT]
interv_d = 604800
interv_h = 43200
interv_m = 14400
fctnmt = cloud

[UPDATES]
last_update_d = 2025-03-18 04:10:55.072526
last_update_h = 2025-03-18 04:22:03.210240
last_update_m = 2025-03-18 00:44:17.484881
last_update_v = 2023-10-25 16:52:16.653504

