[DEFAULT]
interv_d = 604800
interv_h = 43200
interv_m = 14400
fctnmt = cloud

[UPDATES]
last_update_d = 2024-03-25 16:10:10.222867
last_update_h = 2024-03-25 16:21:23.043863
last_update_m = 2024-03-25 16:43:36.432657
last_update_v = 2023-10-25 16:52:16.653504

