[DEFAULT]
interv_d = 604800
interv_h = 43200
interv_m = 14400
fctnmt = cloud

[UPDATES]
last_update_d = 2024-11-25 16:09:56.686952
last_update_h = 2024-11-25 16:20:20.572900
last_update_m = 2024-11-25 16:41:11.765666
last_update_v = 2023-10-25 16:52:16.653504

