[DEFAULT]
interv_d = 604800
interv_h = 43200
interv_m = 14400
fctnmt = cloud

[UPDATES]
last_update_d = 2024-03-19 20:10:45.854764
last_update_h = 2024-03-19 20:22:30.064396
last_update_m = 2024-03-19 16:45:22.747361
last_update_v = 2023-10-25 16:52:16.653504

