[DEFAULT]
interv_d = 604800
interv_h = 43200
interv_m = 14400
fctnmt = cloud

[UPDATES]
last_update_d = 2025-05-24 00:10:44.788509
last_update_h = 2025-05-24 00:21:57.973477
last_update_m = 2025-05-23 20:43:56.152000
last_update_v = 2023-10-25 16:52:16.653504

