[DEFAULT]
interv_d = 604800
interv_h = 43200
interv_m = 14400
fctnmt = cloud

[UPDATES]
last_update_d = 2025-01-19 00:10:38.274398
last_update_h = 2025-01-19 00:21:51.356522
last_update_m = 2025-01-19 00:44:20.356772
last_update_v = 2023-10-25 16:52:16.653504

