[DEFAULT]
interv_d = 604800
interv_h = 43200
interv_m = 14400
fctnmt = cloud

[UPDATES]
last_update_d = 2024-05-06 16:10:12.732856
last_update_h = 2024-05-06 16:21:13.359483
last_update_m = 2024-05-06 16:43:25.640636
last_update_v = 2023-10-25 16:52:16.653504

