[DEFAULT]
interv_d = 604800
interv_h = 43200
interv_m = 14400
fctnmt = cloud

[UPDATES]
last_update_d = 2024-11-22 12:09:58.769553
last_update_h = 2024-11-22 12:20:15.378058
last_update_m = 2024-11-22 08:40:18.362251
last_update_v = 2023-10-25 16:52:16.653504

