[DEFAULT]
interv_d = 604800
interv_h = 43200
interv_m = 14400
fctnmt = cloud

[UPDATES]
last_update_d = 2024-12-03 08:10:34.583225
last_update_h = 2024-12-03 08:21:35.577532
last_update_m = 2024-12-03 04:43:45.885566
last_update_v = 2023-10-25 16:52:16.653504

