[DEFAULT]
interv_d = 604800
interv_h = 43200
interv_m = 14400
fctnmt = cloud

[UPDATES]
last_update_d = 2025-06-19 08:12:11.466582
last_update_h = 2025-06-19 08:24:09.435190
last_update_m = 2025-06-19 04:47:42.347912
last_update_v = 2023-10-25 16:52:16.653504

