[DEFAULT]
interv_d = 604800
interv_h = 43200
interv_m = 14400
fctnmt = cloud

[UPDATES]
last_update_d = 2024-11-18 08:09:59.366728
last_update_h = 2024-11-18 08:20:18.457580
last_update_m = 2024-11-18 04:40:48.873681
last_update_v = 2023-10-25 16:52:16.653504

