[DEFAULT]
interv_d = 604800
interv_h = 43200
interv_m = 14400
fctnmt = cloud

[UPDATES]
last_update_d = 2024-08-29 08:10:53.242001
last_update_h = 2024-08-29 08:22:22.930345
last_update_m = 2024-08-29 04:44:14.836628
last_update_v = 2023-10-25 16:52:16.653504

