[DEFAULT]
interv_d = 604800
interv_h = 43200
interv_m = 14400
fctnmt = cloud

[UPDATES]
last_update_d = 2025-08-27 12:10:59.980242
last_update_h = 2025-08-27 12:22:20.089789
last_update_m = 2025-08-27 08:44:32.253513
last_update_v = 2023-10-25 16:52:16.653504

