[DEFAULT]
interv_d = 604800
interv_h = 43200
interv_m = 14400
fctnmt = cloud

[UPDATES]
last_update_d = 2025-11-12 00:11:11.962741
last_update_h = 2025-11-12 00:22:36.166698
last_update_m = 2025-11-11 20:45:16.080773
last_update_v = 2023-10-25 16:52:16.653504

