[DEFAULT]
interv_d = 604800
interv_h = 43200
interv_m = 14400
fctnmt = cloud

[UPDATES]
last_update_d = 2025-05-07 20:10:42.278217
last_update_h = 2025-05-07 20:21:45.729615
last_update_m = 2025-05-07 16:43:36.974531
last_update_v = 2023-10-25 16:52:16.653504

