[DEFAULT]
interv_d = 604800
interv_h = 43200
interv_m = 14400
fctnmt = cloud

[UPDATES]
last_update_d = 2025-04-10 04:10:53.710704
last_update_h = 2025-04-10 04:22:01.480646
last_update_m = 2025-04-10 04:44:17.586452
last_update_v = 2023-10-25 16:52:16.653504

