[DEFAULT]
interv_d = 604800
interv_h = 43200
interv_m = 14400
fctnmt = cloud

[UPDATES]
last_update_d = 2026-01-20 12:10:59.747281
last_update_h = 2026-01-20 12:22:16.850044
last_update_m = 2026-01-20 08:44:41.568637
last_update_v = 2023-10-25 16:52:16.653504

