[DEFAULT]
interv_d = 604800
interv_h = 43200
interv_m = 14400
fctnmt = cloud

[UPDATES]
last_update_d = 2025-12-19 20:10:58.846278
last_update_h = 2025-12-19 20:22:03.155053
last_update_m = 2025-12-19 16:43:48.077031
last_update_v = 2023-10-25 16:52:16.653504

