[DEFAULT]
interv_d = 604800
interv_h = 43200
interv_m = 14400
fctnmt = cloud

[UPDATES]
last_update_d = 2025-06-03 12:10:37.562913
last_update_h = 2025-06-03 12:21:24.065668
last_update_m = 2025-06-03 08:43:12.347274
last_update_v = 2023-10-25 16:52:16.653504

