[DEFAULT]
interv_d = 604800
interv_h = 43200
interv_m = 14400
fctnmt = cloud

[UPDATES]
last_update_d = 2025-04-25 20:11:00.499096
last_update_h = 2025-04-25 20:22:05.192796
last_update_m = 2025-04-25 16:44:39.903305
last_update_v = 2023-10-25 16:52:16.653504

