[DEFAULT]
interv_d = 604800
interv_h = 43200
interv_m = 14400
fctnmt = cloud

[UPDATES]
last_update_d = 2024-01-14 16:09:31.350924
last_update_h = 2024-01-14 16:20:01.627074
last_update_m = 2024-01-14 12:41:03.639829
last_update_v = 2023-10-25 16:52:16.653504

