[DEFAULT]
interv_d = 604800
interv_h = 43200
interv_m = 14400
fctnmt = cloud

[UPDATES]
last_update_d = 2025-12-19 00:11:10.928507
last_update_h = 2025-12-19 00:22:56.146623
last_update_m = 2025-12-19 00:45:20.687792
last_update_v = 2023-10-25 16:52:16.653504

