[DEFAULT]
interv_d = 604800
interv_h = 43200
interv_m = 14400
fctnmt = cloud

[UPDATES]
last_update_d = 2025-02-17 08:10:46.408382
last_update_h = 2025-02-17 08:21:44.411531
last_update_m = 2025-02-17 08:43:46.704398
last_update_v = 2023-10-25 16:52:16.653504

