[DEFAULT]
interv_d = 604800
interv_h = 43200
interv_m = 14400
fctnmt = cloud

[UPDATES]
last_update_d = 2024-07-17 08:10:22.266885
last_update_h = 2024-07-17 08:21:20.878529
last_update_m = 2024-07-17 08:43:31.703456
last_update_v = 2023-10-25 16:52:16.653504

