[DEFAULT]
interv_d = 604800
interv_h = 43200
interv_m = 14400
fctnmt = cloud

[UPDATES]
last_update_d = 2024-01-22 12:09:45.760598
last_update_h = 2024-01-22 12:20:31.214437
last_update_m = 2024-01-22 12:42:08.168488
last_update_v = 2023-10-25 16:52:16.653504

