[DEFAULT]
interv_d = 604800
interv_h = 43200
interv_m = 14400
fctnmt = cloud

[UPDATES]
last_update_d = 2025-04-11 08:10:39.572827
last_update_h = 2025-04-11 08:21:46.529262
last_update_m = 2025-04-11 08:43:51.581619
last_update_v = 2023-10-25 16:52:16.653504

