[DEFAULT]
interv_d = 604800
interv_h = 43200
interv_m = 14400
fctnmt = cloud

[UPDATES]
last_update_d = 2024-10-24 08:09:55.165067
last_update_h = 2024-10-24 08:20:13.855720
last_update_m = 2024-10-24 04:41:47.898797
last_update_v = 2023-10-25 16:52:16.653504

