[DEFAULT]
interv_d = 604800
interv_h = 43200
interv_m = 14400
fctnmt = cloud

[UPDATES]
last_update_d = 2025-05-15 08:10:39.262690
last_update_h = 2025-05-15 08:21:36.148459
last_update_m = 2025-05-15 04:43:35.631377
last_update_v = 2023-10-25 16:52:16.653504

