[DEFAULT]
interv_d = 604800
interv_h = 43200
interv_m = 14400
fctnmt = cloud

[UPDATES]
last_update_d = 2024-07-01 00:10:16.822962
last_update_h = 2024-07-01 00:21:32.065914
last_update_m = 2024-07-01 00:43:18.461567
last_update_v = 2023-10-25 16:52:16.653504

