[DEFAULT]
interv_d = 604800
interv_h = 43200
interv_m = 14400
fctnmt = cloud

[UPDATES]
last_update_d = 2024-10-18 16:10:03.481554
last_update_h = 2024-10-18 16:20:32.192398
last_update_m = 2024-10-18 16:41:31.467973
last_update_v = 2023-10-25 16:52:16.653504

