[DEFAULT]
interv_d = 604800
interv_h = 43200
interv_m = 14400
fctnmt = cloud

[UPDATES]
last_update_d = 2025-10-06 12:11:01.280806
last_update_h = 2025-10-06 12:22:14.070607
last_update_m = 2025-10-06 08:44:25.980279
last_update_v = 2023-10-25 16:52:16.653504

