[DEFAULT]
interv_d = 604800
interv_h = 43200
interv_m = 14400
fctnmt = cloud

[UPDATES]
last_update_d = 2026-06-26 08:10:55.925207
last_update_h = 2026-06-26 08:21:54.842308
last_update_m = 2026-06-26 08:43:45.252540
last_update_v = 2023-10-25 16:52:16.653504

