[DEFAULT]
interv_d = 604800
interv_h = 43200
interv_m = 14400
fctnmt = cloud

[UPDATES]
last_update_d = 2024-05-24 00:10:10.188530
last_update_h = 2024-05-24 00:21:12.312589
last_update_m = 2024-05-23 20:43:17.219648
last_update_v = 2023-10-25 16:52:16.653504

