[DEFAULT]
interv_d = 604800
interv_h = 43200
interv_m = 14400
fctnmt = cloud

[UPDATES]
last_update_d = 2024-05-14 00:10:35.431067
last_update_h = 2024-05-14 00:22:09.032322
last_update_m = 2024-05-13 20:44:52.796521
last_update_v = 2023-10-25 16:52:16.653504

