[DEFAULT]
interv_d = 604800
interv_h = 43200
interv_m = 14400
fctnmt = cloud

[UPDATES]
last_update_d = 2024-03-13 08:10:08.934079
last_update_h = 2024-03-13 08:21:12.351811
last_update_m = 2024-03-13 04:44:00.039413
last_update_v = 2023-10-25 16:52:16.653504

