[DEFAULT]
interv_d = 604800
interv_h = 43200
interv_m = 14400
fctnmt = cloud

[UPDATES]
last_update_d = 2025-11-28 16:11:11.145627
last_update_h = 2025-11-28 16:22:26.830338
last_update_m = 2025-11-28 16:44:59.455886
last_update_v = 2023-10-25 16:52:16.653504

