[DEFAULT]
interv_d = 604800
interv_h = 43200
interv_m = 14400
fctnmt = cloud

[UPDATES]
last_update_d = 2025-02-10 12:10:44.173764
last_update_h = 2025-02-10 12:21:53.282613
last_update_m = 2025-02-10 08:44:00.490267
last_update_v = 2023-10-25 16:52:16.653504

