[DEFAULT]
interv_d = 604800
interv_h = 43200
interv_m = 14400
fctnmt = cloud

[UPDATES]
last_update_d = 2024-12-16 16:10:42.698501
last_update_h = 2024-12-16 16:21:46.998285
last_update_m = 2024-12-16 16:43:54.668539
last_update_v = 2023-10-25 16:52:16.653504

