[DEFAULT]
interv_d = 604800
interv_h = 43200
interv_m = 14400
fctnmt = cloud

[UPDATES]
last_update_d = 2024-06-21 20:10:16.862766
last_update_h = 2024-06-21 20:21:07.201608
last_update_m = 2024-06-21 20:42:56.569697
last_update_v = 2023-10-25 16:52:16.653504

