[DEFAULT]
interv_d = 604800
interv_h = 43200
interv_m = 14400
fctnmt = cloud

[UPDATES]
last_update_d = 2024-10-20 12:10:05.880623
last_update_h = 2024-10-20 12:20:26.754861
last_update_m = 2024-10-20 08:41:37.380863
last_update_v = 2023-10-25 16:52:16.653504

