[DEFAULT]
interv_d = 604800
interv_h = 43200
interv_m = 14400
fctnmt = cloud

[UPDATES]
last_update_d = 2024-06-05 20:10:17.209500
last_update_h = 2024-06-05 20:21:15.642524
last_update_m = 2024-06-05 20:43:06.880571
last_update_v = 2023-10-25 16:52:16.653504

