[DEFAULT]
interv_d = 604800
interv_h = 43200
interv_m = 14400
fctnmt = cloud

[UPDATES]
last_update_d = 2024-11-14 08:10:00.593818
last_update_h = 2024-11-14 08:20:28.061538
last_update_m = 2024-11-14 08:41:21.678665
last_update_v = 2023-10-25 16:52:16.653504

