[DEFAULT]
interv_d = 604800
interv_h = 43200
interv_m = 14400
fctnmt = cloud

[UPDATES]
last_update_d = 2024-02-18 00:09:51.831759
last_update_h = 2024-02-18 00:20:30.554008
last_update_m = 2024-02-18 00:42:01.015471
last_update_v = 2023-10-25 16:52:16.653504

