[DEFAULT]
interv_d = 604800
interv_h = 43200
interv_m = 14400
fctnmt = cloud

[UPDATES]
last_update_d = 2026-04-27 20:11:23.433062
last_update_h = 2026-04-27 20:22:21.641091
last_update_m = 2026-04-27 16:44:28.335568
last_update_v = 2023-10-25 16:52:16.653504

