[DEFAULT]
interv_d = 604800
interv_h = 43200
interv_m = 14400
fctnmt = cloud

[UPDATES]
last_update_d = 2025-06-22 16:11:01.340074
last_update_h = 2025-06-22 16:22:07.473349
last_update_m = 2025-06-22 16:45:59.074079
last_update_v = 2023-10-25 16:52:16.653504

