[DEFAULT]
interv_d = 604800
interv_h = 43200
interv_m = 14400
fctnmt = cloud

[UPDATES]
last_update_d = 2026-06-04 08:10:58.549614
last_update_h = 2026-06-04 08:21:49.141149
last_update_m = 2026-06-04 08:43:34.147629
last_update_v = 2023-10-25 16:52:16.653504

