[DEFAULT]
interv_d = 604800
interv_h = 43200
interv_m = 14400
fctnmt = cloud

[UPDATES]
last_update_d = 2024-07-03 20:10:21.505032
last_update_h = 2024-07-03 20:21:27.284189
last_update_m = 2024-07-03 20:43:24.397123
last_update_v = 2023-10-25 16:52:16.653504

