[DEFAULT]
interv_d = 604800
interv_h = 43200
interv_m = 14400
fctnmt = cloud

[UPDATES]
last_update_d = 2026-05-05 20:11:02.433039
last_update_h = 2026-05-05 20:21:59.539935
last_update_m = 2026-05-05 16:43:50.531455
last_update_v = 2023-10-25 16:52:16.653504

