[DEFAULT]
interv_d = 604800
interv_h = 43200
interv_m = 14400
fctnmt = cloud

[UPDATES]
last_update_d = 2026-01-04 00:10:49.557720
last_update_h = 2026-01-04 00:22:00.844223
last_update_m = 2026-01-04 00:44:05.065488
last_update_v = 2023-10-25 16:52:16.653504

