[DEFAULT]
interv_d = 604800
interv_h = 43200
interv_m = 14400
fctnmt = cloud

[UPDATES]
last_update_d = 2024-11-22 00:09:59.793052
last_update_h = 2024-11-22 00:20:22.880135
last_update_m = 2024-11-22 00:40:52.844081
last_update_v = 2023-10-25 16:52:16.653504

