[DEFAULT]
interv_d = 604800
interv_h = 43200
interv_m = 14400
fctnmt = cloud

[UPDATES]
last_update_d = 2024-08-02 00:10:25.578806
last_update_h = 2024-08-02 00:21:24.639637
last_update_m = 2024-08-02 00:43:29.248510
last_update_v = 2023-10-25 16:52:16.653504

