[DEFAULT]
interv_d = 604800
interv_h = 43200
interv_m = 14400
fctnmt = cloud

[UPDATES]
last_update_d = 2025-03-12 12:10:55.592982
last_update_h = 2025-03-12 12:22:05.285998
last_update_m = 2025-03-12 08:44:28.922844
last_update_v = 2023-10-25 16:52:16.653504

