[DEFAULT]
interv_d = 604800
interv_h = 43200
interv_m = 14400
fctnmt = cloud

[UPDATES]
last_update_d = 2025-12-11 16:11:07.365120
last_update_h = 2025-12-11 16:22:27.171664
last_update_m = 2025-12-11 12:44:37.276738
last_update_v = 2023-10-25 16:52:16.653504

