[DEFAULT]
interv_d = 604800
interv_h = 43200
interv_m = 14400
fctnmt = cloud

[UPDATES]
last_update_d = 2025-06-24 04:11:35.942981
last_update_h = 2025-06-24 04:23:32.944738
last_update_m = 2025-06-24 00:49:54.541991
last_update_v = 2023-10-25 16:52:16.653504

