[DEFAULT]
interv_d = 604800
interv_h = 43200
interv_m = 14400
fctnmt = cloud

[UPDATES]
last_update_d = 2025-01-18 16:10:44.822830
last_update_h = 2025-01-18 16:21:50.070984
last_update_m = 2025-01-18 16:44:12.115599
last_update_v = 2023-10-25 16:52:16.653504

