[DEFAULT]
interv_d = 604800
interv_h = 43200
interv_m = 14400
fctnmt = cloud

[UPDATES]
last_update_d = 2024-01-16 04:09:33.159068
last_update_h = 2024-01-16 04:20:07.951066
last_update_m = 2024-01-16 04:41:16.163225
last_update_v = 2023-10-25 16:52:16.653504

