[DEFAULT]
interv_d = 604800
interv_h = 43200
interv_m = 14400
fctnmt = cloud

[UPDATES]
last_update_d = 2024-01-23 16:09:40.741718
last_update_h = 2024-01-23 16:20:26.216745
last_update_m = 2024-01-23 12:42:01.813915
last_update_v = 2023-10-25 16:52:16.653504

