[DEFAULT]
interv_d = 604800
interv_h = 43200
interv_m = 14400
fctnmt = cloud

[UPDATES]
last_update_d = 2024-05-15 12:10:24.337754
last_update_h = 2024-05-15 12:21:34.226741
last_update_m = 2024-05-15 12:44:03.187983
last_update_v = 2023-10-25 16:52:16.653504

