[DEFAULT]
interv_d = 604800
interv_h = 43200
interv_m = 14400
fctnmt = cloud

[UPDATES]
last_update_d = 2024-08-09 08:10:42.847044
last_update_h = 2024-08-09 08:21:59.663607
last_update_m = 2024-08-09 04:44:50.447655
last_update_v = 2023-10-25 16:52:16.653504

