[DEFAULT]
interv_d = 604800
interv_h = 43200
interv_m = 14400
fctnmt = cloud

[UPDATES]
last_update_d = 2024-01-15 12:09:29.032816
last_update_h = 2024-01-15 12:19:52.853562
last_update_m = 2024-01-15 12:40:49.348459
last_update_v = 2023-10-25 16:52:16.653504

