[DEFAULT]
interv_d = 604800
interv_h = 43200
interv_m = 14400
fctnmt = cloud

[UPDATES]
last_update_d = 2026-02-08 00:11:11.156905
last_update_h = 2026-02-08 00:22:33.068718
last_update_m = 2026-02-08 00:44:52.644458
last_update_v = 2023-10-25 16:52:16.653504

