[DEFAULT]
interv_d = 604800
interv_h = 43200
interv_m = 14400
fctnmt = cloud

[UPDATES]
last_update_d = 2025-11-03 00:10:47.282574
last_update_h = 2025-11-03 00:22:05.466301
last_update_m = 2025-11-02 20:44:12.849917
last_update_v = 2023-10-25 16:52:16.653504

