[DEFAULT]
interv_d = 604800
interv_h = 43200
interv_m = 14400
fctnmt = cloud

[UPDATES]
last_update_d = 2024-05-25 08:10:20.222970
last_update_h = 2024-05-25 08:21:19.926828
last_update_m = 2024-05-25 04:43:20.879214
last_update_v = 2023-10-25 16:52:16.653504

