[DEFAULT]
interv_d = 604800
interv_h = 43200
interv_m = 14400
fctnmt = cloud

[UPDATES]
last_update_d = 2024-10-19 16:09:53.783892
last_update_h = 2024-10-19 16:20:14.059595
last_update_m = 2024-10-19 12:41:04.057227
last_update_v = 2023-10-25 16:52:16.653504

