[DEFAULT]
interv_d = 604800
interv_h = 43200
interv_m = 14400
fctnmt = cloud

[UPDATES]
last_update_d = 2024-03-31 00:10:08.452315
last_update_h = 2024-03-31 00:21:08.819328
last_update_m = 2024-03-30 20:43:40.458112
last_update_v = 2023-10-25 16:52:16.653504

