[DEFAULT]
interv_d = 604800
interv_h = 43200
interv_m = 14400
fctnmt = cloud

[UPDATES]
last_update_d = 2023-10-30 17:57:12.427913
last_update_h = 2023-10-30 18:43:48.727133
last_update_m = 2023-10-31 00:26:43.053221
last_update_v = 2023-10-30 20:12:00.342645

