[DEFAULT]
interv_d = 604800
interv_h = 43200
interv_m = 14400
fctnmt = cloud

[UPDATES]
last_update_d = 2026-06-19 08:10:59.143946
last_update_h = 2026-06-19 08:21:51.727205
last_update_m = 2026-06-19 08:43:47.560307
last_update_v = 2023-10-25 16:52:16.653504

