[DEFAULT]
interv_d = 604800
interv_h = 43200
interv_m = 14400
fctnmt = cloud

[UPDATES]
last_update_d = 2024-12-24 16:10:36.807764
last_update_h = 2024-12-24 16:21:43.475870
last_update_m = 2024-12-24 12:43:56.703798
last_update_v = 2023-10-25 16:52:16.653504

