[DEFAULT]
interv_d = 604800
interv_h = 43200
interv_m = 14400
fctnmt = cloud

[UPDATES]
last_update_d = 2025-08-10 16:10:49.477028
last_update_h = 2025-08-10 16:21:45.940679
last_update_m = 2025-08-10 12:43:03.956385
last_update_v = 2023-10-25 16:52:16.653504

