[DEFAULT]
interv_d = 604800
interv_h = 43200
interv_m = 14400
fctnmt = cloud

[UPDATES]
last_update_d = 2026-06-11 16:10:58.029897
last_update_h = 2026-06-11 16:21:57.239396
last_update_m = 2026-06-11 12:44:05.215947
last_update_v = 2023-10-25 16:52:16.653504

