[DEFAULT]
interv_d = 604800
interv_h = 43200
interv_m = 14400
fctnmt = cloud

[UPDATES]
last_update_d = 2025-12-14 12:10:54.730587
last_update_h = 2025-12-14 12:21:54.164951
last_update_m = 2025-12-14 08:44:36.344900
last_update_v = 2023-10-25 16:52:16.653504

