[DEFAULT]
interv_d = 604800
interv_h = 43200
interv_m = 14400
fctnmt = cloud

[UPDATES]
last_update_d = 2024-09-25 04:10:25.169946
last_update_h = 2024-09-25 04:21:16.763639
last_update_m = 2024-09-25 04:43:06.755118
last_update_v = 2023-10-25 16:52:16.653504

