[DEFAULT]
interv_d = 604800
interv_h = 43200
interv_m = 14400
fctnmt = cloud

[UPDATES]
last_update_d = 2024-01-30 04:09:35.456031
last_update_h = 2024-01-30 04:20:05.229689
last_update_m = 2024-01-30 04:41:19.961830
last_update_v = 2023-10-25 16:52:16.653504

