[DEFAULT]
interv_d = 604800
interv_h = 43200
interv_m = 14400
fctnmt = cloud

[UPDATES]
last_update_d = 2025-06-11 12:11:56.943481
last_update_h = 2025-06-11 12:23:42.568938
last_update_m = 2025-06-11 08:47:22.164030
last_update_v = 2023-10-25 16:52:16.653504

