[DEFAULT]
interv_d = 604800
interv_h = 43200
interv_m = 14400
fctnmt = cloud

[UPDATES]
last_update_d = 2024-09-22 04:10:35.376010
last_update_h = 2024-09-22 04:21:33.077890
last_update_m = 2024-09-22 00:42:55.075370
last_update_v = 2023-10-25 16:52:16.653504

