[DEFAULT]
interv_d = 604800
interv_h = 43200
interv_m = 14400
fctnmt = cloud

[UPDATES]
last_update_d = 2025-10-16 04:10:49.641283
last_update_h = 2025-10-16 04:21:43.165333
last_update_m = 2025-10-16 04:43:42.275710
last_update_v = 2023-10-25 16:52:16.653504

