[DEFAULT]
interv_d = 604800
interv_h = 43200
interv_m = 14400
fctnmt = cloud

[UPDATES]
last_update_d = 2024-08-04 20:10:34.933348
last_update_h = 2024-08-04 20:21:48.713395
last_update_m = 2024-08-04 20:44:14.759490
last_update_v = 2023-10-25 16:52:16.653504

