[DEFAULT]
interv_d = 604800
interv_h = 43200
interv_m = 14400
fctnmt = cloud

[UPDATES]
last_update_d = 2026-04-25 04:10:54.581125
last_update_h = 2026-04-25 04:21:50.751394
last_update_m = 2026-04-25 00:44:14.056067
last_update_v = 2023-10-25 16:52:16.653504

