[DEFAULT]
interv_d = 604800
interv_h = 43200
interv_m = 14400
fctnmt = cloud

[UPDATES]
last_update_d = 2024-02-23 04:09:57.519212
last_update_h = 2024-02-23 04:20:45.231956
last_update_m = 2024-02-23 04:42:24.962417
last_update_v = 2023-10-25 16:52:16.653504

