[DEFAULT]
interv_d = 604800
interv_h = 43200
interv_m = 14400
fctnmt = cloud

[UPDATES]
last_update_d = 2023-11-06 19:30:59.649422
last_update_h = 2023-11-11 04:45:30.949049
last_update_m = 2023-11-11 05:29:02.442641
last_update_v = 2023-11-11 00:42:36.226185

