[DEFAULT]
interv_d = 604800
interv_h = 43200
interv_m = 14400
fctnmt = cloud

[UPDATES]
last_update_d = 2024-09-30 12:09:59.346216
last_update_h = 2024-09-30 12:20:21.876049
last_update_m = 2024-09-30 12:41:22.391898
last_update_v = 2023-10-25 16:52:16.653504

