[DEFAULT]
interv_d = 604800
interv_h = 43200
interv_m = 14400
fctnmt = cloud

[UPDATES]
last_update_d = 2024-03-14 00:10:53.724355
last_update_h = 2024-03-14 00:22:09.274405
last_update_m = 2024-03-13 20:43:59.969925
last_update_v = 2023-10-25 16:52:16.653504

