[DEFAULT]
interv_d = 604800
interv_h = 43200
interv_m = 14400
fctnmt = cloud

[UPDATES]
last_update_d = 2026-03-21 16:10:55.539439
last_update_h = 2026-03-21 16:21:51.761197
last_update_m = 2026-03-21 12:44:03.750957
last_update_v = 2023-10-25 16:52:16.653504

