[DEFAULT]
interv_d = 604800
interv_h = 43200
interv_m = 14400
fctnmt = cloud

[UPDATES]
last_update_d = 2025-07-21 08:10:45.338015
last_update_h = 2025-07-21 08:21:39.340947
last_update_m = 2025-07-21 04:43:23.282237
last_update_v = 2023-10-25 16:52:16.653504

