[DEFAULT]
interv_d = 604800
interv_h = 43200
interv_m = 14400
fctnmt = cloud

[UPDATES]
last_update_d = 2026-07-20 08:10:54.243772
last_update_h = 2026-07-20 08:21:52.161773
last_update_m = 2026-07-20 08:43:52.056854
last_update_v = 2023-10-25 16:52:16.653504

