[DEFAULT]
interv_d = 604800
interv_h = 43200
interv_m = 14400
fctnmt = cloud

[UPDATES]
last_update_d = 2024-11-29 04:10:16.077118
last_update_h = 2024-11-29 04:21:00.884175
last_update_m = 2024-11-29 00:41:33.652723
last_update_v = 2023-10-25 16:52:16.653504

