[DEFAULT]
interv_d = 604800
interv_h = 43200
interv_m = 14400
fctnmt = cloud

[UPDATES]
last_update_d = 2025-02-22 12:10:47.095955
last_update_h = 2025-02-22 12:21:54.997922
last_update_m = 2025-02-22 12:44:01.786896
last_update_v = 2023-10-25 16:52:16.653504

