[DEFAULT]
interv_d = 604800
interv_h = 43200
interv_m = 14400
fctnmt = cloud

[UPDATES]
last_update_d = 2024-12-29 00:10:45.509867
last_update_h = 2024-12-29 00:22:03.072334
last_update_m = 2024-12-28 20:44:15.582941
last_update_v = 2023-10-25 16:52:16.653504

