[DEFAULT]
interv_d = 604800
interv_h = 43200
interv_m = 14400
fctnmt = cloud

[UPDATES]
last_update_d = 2025-11-16 16:11:13.468182
last_update_h = 2025-11-16 16:22:39.854105
last_update_m = 2025-11-16 12:44:18.055729
last_update_v = 2023-10-25 16:52:16.653504

