[DEFAULT]
interv_d = 604800
interv_h = 43200
interv_m = 14400
fctnmt = cloud

[UPDATES]
last_update_d = 2025-10-05 04:11:01.878165
last_update_h = 2025-10-05 04:22:07.476462
last_update_m = 2025-10-04 20:44:12.448859
last_update_v = 2023-10-25 16:52:16.653504

