[DEFAULT]
interv_d = 604800
interv_h = 43200
interv_m = 14400
fctnmt = cloud

[UPDATES]
last_update_d = 2025-07-15 00:10:31.875489
last_update_h = 2025-07-15 00:21:49.668930
last_update_m = 2025-07-14 20:43:33.384604
last_update_v = 2023-10-25 16:52:16.653504

