[DEFAULT]
interv_d = 604800
interv_h = 43200
interv_m = 14400
fctnmt = cloud

[UPDATES]
last_update_d = 2025-09-02 04:10:59.028754
last_update_h = 2025-09-02 04:22:00.364680
last_update_m = 2025-09-02 04:44:14.743201
last_update_v = 2023-10-25 16:52:16.653504

