[DEFAULT]
interv_d = 604800
interv_h = 43200
interv_m = 14400
fctnmt = cloud

[UPDATES]
last_update_d = 2026-03-06 16:10:54.066694
last_update_h = 2026-03-06 16:21:48.351425
last_update_m = 2026-03-06 16:43:37.946779
last_update_v = 2023-10-25 16:52:16.653504

