[DEFAULT]
interv_d = 604800
interv_h = 43200
interv_m = 14400
fctnmt = cloud

[UPDATES]
last_update_d = 2026-02-07 20:11:02.049990
last_update_h = 2026-02-07 20:22:19.654886
last_update_m = 2026-02-07 16:44:58.736677
last_update_v = 2023-10-25 16:52:16.653504

