[DEFAULT]
interv_d = 604800
interv_h = 43200
interv_m = 14400
fctnmt = cloud

[UPDATES]
last_update_d = 2025-08-24 08:10:44.945206
last_update_h = 2025-08-24 08:21:49.330644
last_update_m = 2025-08-24 08:43:46.371286
last_update_v = 2023-10-25 16:52:16.653504

