[DEFAULT]
interv_d = 604800
interv_h = 43200
interv_m = 14400
fctnmt = cloud

[UPDATES]
last_update_d = 2025-03-17 20:10:46.775245
last_update_h = 2025-03-17 20:21:53.510472
last_update_m = 2025-03-17 20:44:22.578860
last_update_v = 2023-10-25 16:52:16.653504

