[DEFAULT]
interv_d = 604800
interv_h = 43200
interv_m = 14400
fctnmt = cloud

[UPDATES]
last_update_d = 2024-04-08 04:10:11.057734
last_update_h = 2024-04-08 04:21:11.734758
last_update_m = 2024-04-08 04:43:19.944902
last_update_v = 2023-10-25 16:52:16.653504

