[DEFAULT]
interv_d = 604800
interv_h = 43200
interv_m = 14400
fctnmt = cloud

[UPDATES]
last_update_d = 2024-02-25 12:10:03.331137
last_update_h = 2024-02-25 12:20:48.453154
last_update_m = 2024-02-25 12:42:19.452668
last_update_v = 2023-10-25 16:52:16.653504

