[DEFAULT]
interv_d = 604800
interv_h = 43200
interv_m = 14400
fctnmt = cloud

[UPDATES]
last_update_d = 2024-07-17 04:10:41.878729
last_update_h = 2024-07-17 04:21:48.052705
last_update_m = 2024-07-17 00:43:46.094461
last_update_v = 2023-10-25 16:52:16.653504

