[DEFAULT]
interv_d = 604800
interv_h = 43200
interv_m = 14400
fctnmt = cloud

[UPDATES]
last_update_d = 2025-03-09 04:10:44.682977
last_update_h = 2025-03-09 04:21:49.508377
last_update_m = 2025-03-09 04:43:53.575809
last_update_v = 2023-10-25 16:52:16.653504

