[DEFAULT]
interv_d = 604800
interv_h = 43200
interv_m = 14400
fctnmt = cloud

[UPDATES]
last_update_d = 2025-11-14 04:11:20.959542
last_update_h = 2025-11-14 04:22:49.262747
last_update_m = 2025-11-14 00:45:31.365251
last_update_v = 2023-10-25 16:52:16.653504

