[DEFAULT]
interv_d = 604800
interv_h = 43200
interv_m = 14400
fctnmt = cloud

[UPDATES]
last_update_d = 2025-07-05 16:11:45.168215
last_update_h = 2025-07-05 16:23:35.028659
last_update_m = 2025-07-05 16:48:11.628285
last_update_v = 2023-10-25 16:52:16.653504

