[DEFAULT]
interv_d = 604800
interv_h = 43200
interv_m = 14400
fctnmt = cloud

[UPDATES]
last_update_d = 2024-07-20 20:10:04.625352
last_update_h = 2024-07-20 20:20:38.434230
last_update_m = 2024-07-20 16:42:32.781771
last_update_v = 2023-10-25 16:52:16.653504

