[DEFAULT]
interv_d = 604800
interv_h = 43200
interv_m = 14400
fctnmt = cloud

[UPDATES]
last_update_d = 2025-07-09 12:12:03.356271
last_update_h = 2025-07-09 12:24:03.247330
last_update_m = 2025-07-09 08:48:22.844272
last_update_v = 2023-10-25 16:52:16.653504

