[DEFAULT]
interv_d = 604800
interv_h = 43200
interv_m = 14400
fctnmt = cloud

[UPDATES]
last_update_d = 2026-04-12 16:10:51.938041
last_update_h = 2026-04-12 16:21:50.050875
last_update_m = 2026-04-12 16:43:51.938136
last_update_v = 2023-10-25 16:52:16.653504

