[DEFAULT]
interv_d = 604800
interv_h = 43200
interv_m = 14400
fctnmt = cloud

[UPDATES]
last_update_d = 2024-09-11 04:10:29.879838
last_update_h = 2024-09-11 04:21:26.877696
last_update_m = 2024-09-11 00:44:09.587344
last_update_v = 2023-10-25 16:52:16.653504

