[DEFAULT]
interv_d = 604800
interv_h = 43200
interv_m = 14400
fctnmt = cloud

[UPDATES]
last_update_d = 2026-04-11 20:11:16.742428
last_update_h = 2026-04-11 20:22:06.147843
last_update_m = 2026-04-11 16:43:41.563255
last_update_v = 2023-10-25 16:52:16.653504

