[DEFAULT]
interv_d = 604800
interv_h = 43200
interv_m = 14400
fctnmt = cloud

[UPDATES]
last_update_d = 2025-02-09 20:10:38.398924
last_update_h = 2025-02-09 20:21:42.291590
last_update_m = 2025-02-09 16:44:09.290769
last_update_v = 2023-10-25 16:52:16.653504

