[DEFAULT]
interv_d = 604800
interv_h = 43200
interv_m = 14400
fctnmt = cloud

[UPDATES]
last_update_d = 2024-08-02 04:10:22.557461
last_update_h = 2024-08-02 04:21:22.144661
last_update_m = 2024-08-02 00:43:29.248510
last_update_v = 2023-10-25 16:52:16.653504

