[DEFAULT]
interv_d = 604800
interv_h = 43200
interv_m = 14400
fctnmt = cloud

[UPDATES]
last_update_d = 2025-10-21 00:10:54.136397
last_update_h = 2025-10-21 00:22:06.281527
last_update_m = 2025-10-20 20:44:29.249291
last_update_v = 2023-10-25 16:52:16.653504

