[DEFAULT]
interv_d = 604800
interv_h = 43200
interv_m = 14400
fctnmt = cloud

[UPDATES]
last_update_d = 2025-05-24 16:10:37.961046
last_update_h = 2025-05-24 16:21:35.478714
last_update_m = 2025-05-24 12:43:48.754237
last_update_v = 2023-10-25 16:52:16.653504

