[DEFAULT]
interv_d = 604800
interv_h = 43200
interv_m = 14400
fctnmt = cloud

[UPDATES]
last_update_d = 2025-07-27 12:10:49.366492
last_update_h = 2025-07-27 12:21:40.177737
last_update_m = 2025-07-27 12:43:40.253129
last_update_v = 2023-10-25 16:52:16.653504

