[DEFAULT]
interv_d = 604800
interv_h = 43200
interv_m = 14400
fctnmt = cloud

[UPDATES]
last_update_d = 2024-01-19 04:09:42.653506
last_update_h = 2024-01-19 04:20:10.161980
last_update_m = 2024-01-19 04:41:11.638800
last_update_v = 2023-10-25 16:52:16.653504

