[DEFAULT]
interv_d = 604800
interv_h = 43200
interv_m = 14400
fctnmt = cloud

[UPDATES]
last_update_d = 2024-08-06 16:10:37.653434
last_update_h = 2024-08-06 16:21:58.461309
last_update_m = 2024-08-06 12:43:54.747065
last_update_v = 2023-10-25 16:52:16.653504

