[DEFAULT]
interv_d = 604800
interv_h = 43200
interv_m = 14400
fctnmt = cloud

[UPDATES]
last_update_d = 2024-10-19 04:10:01.170341
last_update_h = 2024-10-19 04:20:18.445516
last_update_m = 2024-10-19 00:41:06.383582
last_update_v = 2023-10-25 16:52:16.653504

