[DEFAULT]
interv_d = 604800
interv_h = 43200
interv_m = 14400
fctnmt = cloud

[UPDATES]
last_update_d = 2026-06-14 00:10:58.241519
last_update_h = 2026-06-14 00:22:12.265197
last_update_m = 2026-06-13 20:43:34.039318
last_update_v = 2023-10-25 16:52:16.653504

