[DEFAULT]
interv_d = 604800
interv_h = 43200
interv_m = 14400
fctnmt = cloud

[UPDATES]
last_update_d = 2026-02-05 20:10:54.342760
last_update_h = 2026-02-05 20:21:56.827146
last_update_m = 2026-02-05 16:43:42.779768
last_update_v = 2023-10-25 16:52:16.653504

