[DEFAULT]
interv_d = 604800
interv_h = 43200
interv_m = 14400
fctnmt = cloud

[UPDATES]
last_update_d = 2025-01-20 08:10:34.402034
last_update_h = 2025-01-20 08:21:26.407993
last_update_m = 2025-01-20 08:43:07.574879
last_update_v = 2023-10-25 16:52:16.653504

