[DEFAULT]
interv_d = 604800
interv_h = 43200
interv_m = 14400
fctnmt = cloud

[UPDATES]
last_update_d = 2026-02-19 12:10:49.569999
last_update_h = 2026-02-19 12:21:54.560145
last_update_m = 2026-02-19 04:44:01.234031
last_update_v = 2023-10-25 16:52:16.653504

