[DEFAULT]
interv_d = 604800
interv_h = 43200
interv_m = 14400
fctnmt = cloud

[UPDATES]
last_update_d = 2024-01-20 00:09:42.043326
last_update_h = 2024-01-20 00:20:23.143283
last_update_m = 2024-01-20 00:41:36.361574
last_update_v = 2023-10-25 16:52:16.653504

