[DEFAULT]
interv_d = 604800
interv_h = 43200
interv_m = 14400
fctnmt = cloud

[UPDATES]
last_update_d = 2025-11-16 08:10:51.656178
last_update_h = 2025-11-16 08:21:56.737515
last_update_m = 2025-11-16 04:44:13.554177
last_update_v = 2023-10-25 16:52:16.653504

