[DEFAULT]
interv_d = 604800
interv_h = 43200
interv_m = 14400
fctnmt = cloud

[UPDATES]
last_update_d = 2024-06-19 08:10:44.730948
last_update_h = 2024-06-19 08:21:59.518053
last_update_m = 2024-06-19 04:43:46.294796
last_update_v = 2023-10-25 16:52:16.653504

