[DEFAULT]
interv_d = 604800
interv_h = 43200
interv_m = 14400
fctnmt = cloud

[UPDATES]
last_update_d = 2024-06-08 00:10:19.380851
last_update_h = 2024-06-08 00:21:34.633700
last_update_m = 2024-06-08 00:43:27.910837
last_update_v = 2023-10-25 16:52:16.653504

