[DEFAULT]
interv_d = 604800
interv_h = 43200
interv_m = 14400
fctnmt = cloud

[UPDATES]
last_update_d = 2026-01-09 04:10:52.352675
last_update_h = 2026-01-09 04:21:50.967386
last_update_m = 2026-01-09 04:43:39.772630
last_update_v = 2023-10-25 16:52:16.653504

