[DEFAULT]
interv_d = 604800
interv_h = 43200
interv_m = 14400
fctnmt = cloud

[UPDATES]
last_update_d = 2024-05-18 12:10:34.694974
last_update_h = 2024-05-18 12:21:47.499025
last_update_m = 2024-05-18 08:43:02.935024
last_update_v = 2023-10-25 16:52:16.653504

