[DEFAULT]
interv_d = 604800
interv_h = 43200
interv_m = 14400
fctnmt = cloud

[UPDATES]
last_update_d = 2025-02-27 16:10:50.981201
last_update_h = 2025-02-27 16:21:53.691071
last_update_m = 2025-02-27 12:44:33.900853
last_update_v = 2023-10-25 16:52:16.653504

