[DEFAULT]
interv_d = 604800
interv_h = 43200
interv_m = 14400
fctnmt = cloud

[UPDATES]
last_update_d = 2026-02-11 20:11:24.448435
last_update_h = 2026-02-11 20:22:49.451610
last_update_m = 2026-02-11 16:45:14.428604
last_update_v = 2023-10-25 16:52:16.653504

