[DEFAULT]
interv_d = 604800
interv_h = 43200
interv_m = 14400
fctnmt = cloud

[UPDATES]
last_update_d = 2026-02-04 12:11:03.644064
last_update_h = 2026-02-04 12:22:15.461536
last_update_m = 2026-02-04 12:44:29.328034
last_update_v = 2023-10-25 16:52:16.653504

