[DEFAULT]
interv_d = 604800
interv_h = 43200
interv_m = 14400
fctnmt = cloud

[UPDATES]
last_update_d = 2025-12-07 16:11:03.849381
last_update_h = 2025-12-07 16:22:14.376957
last_update_m = 2025-12-07 12:44:34.459561
last_update_v = 2023-10-25 16:52:16.653504

