[DEFAULT]
interv_d = 604800
interv_h = 43200
interv_m = 14400
fctnmt = cloud

[UPDATES]
last_update_d = 2026-05-07 12:10:56.538875
last_update_h = 2026-05-07 12:21:51.271550
last_update_m = 2026-05-07 12:43:34.760159
last_update_v = 2023-10-25 16:52:16.653504

