[DEFAULT]
interv_d = 604800
interv_h = 43200
interv_m = 14400
fctnmt = cloud

[UPDATES]
last_update_d = 2024-06-02 08:10:17.726142
last_update_h = 2024-06-02 08:21:11.425507
last_update_m = 2024-06-02 04:42:21.409214
last_update_v = 2023-10-25 16:52:16.653504

