[DEFAULT]
interv_d = 604800
interv_h = 43200
interv_m = 14400
fctnmt = cloud

[UPDATES]
last_update_d = 2025-10-28 00:10:48.182068
last_update_h = 2025-10-28 00:22:04.282846
last_update_m = 2025-10-27 20:43:46.344600
last_update_v = 2023-10-25 16:52:16.653504

