[DEFAULT]
interv_d = 604800
interv_h = 43200
interv_m = 14400
fctnmt = cloud

[UPDATES]
last_update_d = 2024-08-16 04:10:47.033655
last_update_h = 2024-08-16 04:22:08.056335
last_update_m = 2024-08-16 04:44:35.529517
last_update_v = 2023-10-25 16:52:16.653504

