[DEFAULT]
interv_d = 604800
interv_h = 43200
interv_m = 14400
fctnmt = cloud

[UPDATES]
last_update_d = 2025-10-07 00:11:08.271806
last_update_h = 2025-10-07 00:22:42.381014
last_update_m = 2025-10-07 00:45:11.470333
last_update_v = 2023-10-25 16:52:16.653504

