[DEFAULT]
interv_d = 604800
interv_h = 43200
interv_m = 14400
fctnmt = cloud

[UPDATES]
last_update_d = 2026-04-19 20:10:57.622807
last_update_h = 2026-04-19 20:21:54.314752
last_update_m = 2026-04-19 16:43:47.461865
last_update_v = 2023-10-25 16:52:16.653504

