[DEFAULT]
interv_d = 604800
interv_h = 43200
interv_m = 14400
fctnmt = cloud

[UPDATES]
last_update_d = 2025-03-10 12:10:41.372989
last_update_h = 2025-03-10 12:21:47.412171
last_update_m = 2025-03-10 08:43:42.683983
last_update_v = 2023-10-25 16:52:16.653504

