[DEFAULT]
interv_d = 604800
interv_h = 43200
interv_m = 14400
fctnmt = cloud

[UPDATES]
last_update_d = 2024-06-17 04:10:20.294432
last_update_h = 2024-06-17 04:21:13.396092
last_update_m = 2024-06-17 00:42:57.797763
last_update_v = 2023-10-25 16:52:16.653504

