[DEFAULT]
interv_d = 604800
interv_h = 43200
interv_m = 14400
fctnmt = cloud

[UPDATES]
last_update_d = 2024-02-12 00:09:38.115633
last_update_h = 2024-02-12 00:20:13.440043
last_update_m = 2024-02-11 20:42:23.652840
last_update_v = 2023-10-25 16:52:16.653504

