[DEFAULT]
interv_d = 604800
interv_h = 43200
interv_m = 14400
fctnmt = cloud

[UPDATES]
last_update_d = 2025-11-04 20:11:42.945940
last_update_h = 2025-11-04 20:23:22.741678
last_update_m = 2025-11-04 16:46:17.451481
last_update_v = 2023-10-25 16:52:16.653504

