[DEFAULT]
interv_d = 604800
interv_h = 43200
interv_m = 14400
fctnmt = cloud

[UPDATES]
last_update_d = 2024-08-04 08:10:25.254268
last_update_h = 2024-08-04 08:21:27.465087
last_update_m = 2024-08-04 04:43:08.115056
last_update_v = 2023-10-25 16:52:16.653504

