[DEFAULT]
interv_d = 604800
interv_h = 43200
interv_m = 14400
fctnmt = cloud

[UPDATES]
last_update_d = 2025-05-25 04:10:42.652542
last_update_h = 2025-05-25 04:21:39.949577
last_update_m = 2025-05-25 00:43:42.251203
last_update_v = 2023-10-25 16:52:16.653504

