[DEFAULT]
interv_d = 604800
interv_h = 43200
interv_m = 14400
fctnmt = cloud

[UPDATES]
last_update_d = 2024-04-24 04:10:23.451339
last_update_h = 2024-04-24 04:21:20.264984
last_update_m = 2024-04-24 04:43:22.945174
last_update_v = 2023-10-25 16:52:16.653504

