[DEFAULT]
interv_d = 604800
interv_h = 43200
interv_m = 14400
fctnmt = cloud

[UPDATES]
last_update_d = 2025-09-19 20:11:31.227176
last_update_h = 2025-09-19 20:23:02.780204
last_update_m = 2025-09-19 20:45:51.843421
last_update_v = 2023-10-25 16:52:16.653504

