[DEFAULT]
interv_d = 604800
interv_h = 43200
interv_m = 14400
fctnmt = cloud

[UPDATES]
last_update_d = 2025-02-26 12:10:50.074517
last_update_h = 2025-02-26 12:21:53.008072
last_update_m = 2025-02-26 08:44:07.410820
last_update_v = 2023-10-25 16:52:16.653504

