[DEFAULT]
interv_d = 604800
interv_h = 43200
interv_m = 14400
fctnmt = cloud

[UPDATES]
last_update_d = 2024-01-05 12:11:19.146038
last_update_h = 2024-01-05 12:24:21.947127
last_update_m = 2024-01-05 08:48:44.363899
last_update_v = 2023-10-25 16:52:16.653504

