[DEFAULT]
interv_d = 604800
interv_h = 43200
interv_m = 14400
fctnmt = cloud

[UPDATES]
last_update_d = 2026-04-09 04:10:52.952249
last_update_h = 2026-04-09 04:21:51.070431
last_update_m = 2026-04-09 04:43:49.263618
last_update_v = 2023-10-25 16:52:16.653504

