[DEFAULT]
interv_d = 604800
interv_h = 43200
interv_m = 14400
fctnmt = cloud

[UPDATES]
last_update_d = 2024-03-01 00:09:56.036380
last_update_h = 2024-03-01 00:20:46.266048
last_update_m = 2024-02-29 20:42:04.340453
last_update_v = 2023-10-25 16:52:16.653504

