[DEFAULT]
interv_d = 604800
interv_h = 43200
interv_m = 14400
fctnmt = cloud

[UPDATES]
last_update_d = 2025-12-07 08:11:00.478477
last_update_h = 2025-12-07 08:22:03.573243
last_update_m = 2025-12-07 04:44:55.175025
last_update_v = 2023-10-25 16:52:16.653504

