[DEFAULT]
interv_d = 604800
interv_h = 43200
interv_m = 14400
fctnmt = cloud

[UPDATES]
last_update_d = 2026-06-29 20:10:48.348213
last_update_h = 2026-06-29 20:21:48.930973
last_update_m = 2026-06-29 20:43:37.570240
last_update_v = 2023-10-25 16:52:16.653504

