[DEFAULT]
interv_d = 604800
interv_h = 43200
interv_m = 14400
fctnmt = cloud

[UPDATES]
last_update_d = 2025-12-27 16:11:07.252359
last_update_h = 2025-12-27 16:22:19.648624
last_update_m = 2025-12-27 12:45:02.173159
last_update_v = 2023-10-25 16:52:16.653504

