[DEFAULT]
interv_d = 604800
interv_h = 43200
interv_m = 14400
fctnmt = cloud

[UPDATES]
last_update_d = 2026-05-04 04:10:57.428798
last_update_h = 2026-05-04 04:21:54.171396
last_update_m = 2026-05-04 00:44:27.326973
last_update_v = 2023-10-25 16:52:16.653504

