[DEFAULT]
interv_d = 604800
interv_h = 43200
interv_m = 14400
fctnmt = cloud

[UPDATES]
last_update_d = 2024-05-02 00:10:23.150028
last_update_h = 2024-05-02 00:21:34.318039
last_update_m = 2024-05-01 20:43:43.868876
last_update_v = 2023-10-25 16:52:16.653504

