[DEFAULT]
interv_d = 604800
interv_h = 43200
interv_m = 14400
fctnmt = cloud

[UPDATES]
last_update_d = 2025-01-02 08:10:46.578715
last_update_h = 2025-01-02 08:21:50.509257
last_update_m = 2025-01-02 08:44:00.901020
last_update_v = 2023-10-25 16:52:16.653504

