[DEFAULT]
interv_d = 604800
interv_h = 43200
interv_m = 14400
fctnmt = cloud

[UPDATES]
last_update_d = 2024-05-05 00:10:22.167574
last_update_h = 2024-05-05 00:21:23.042032
last_update_m = 2024-05-05 00:43:19.336600
last_update_v = 2023-10-25 16:52:16.653504

