[DEFAULT]
interv_d = 604800
interv_h = 43200
interv_m = 14400
fctnmt = cloud

[UPDATES]
last_update_d = 2024-01-16 08:09:30.353959
last_update_h = 2024-01-16 08:19:58.148236
last_update_m = 2024-01-16 08:40:50.131799
last_update_v = 2023-10-25 16:52:16.653504

