[DEFAULT]
interv_d = 604800
interv_h = 43200
interv_m = 14400
fctnmt = cloud

[UPDATES]
last_update_d = 2025-09-05 00:10:54.084948
last_update_h = 2025-09-05 00:22:14.347609
last_update_m = 2025-09-05 00:44:28.553729
last_update_v = 2023-10-25 16:52:16.653504

