[DEFAULT]
interv_d = 604800
interv_h = 43200
interv_m = 14400
fctnmt = cloud

[UPDATES]
last_update_d = 2024-01-10 07:38:07.015543
last_update_h = 2024-01-10 07:48:24.548721
last_update_m = 2024-01-10 08:09:53.737046
last_update_v = 2023-10-25 16:52:16.653504

