[DEFAULT]
interv_d = 604800
interv_h = 43200
interv_m = 14400
fctnmt = cloud

[UPDATES]
last_update_d = 2025-06-03 08:10:34.362561
last_update_h = 2025-06-03 08:21:27.257215
last_update_m = 2025-06-03 04:43:42.876447
last_update_v = 2023-10-25 16:52:16.653504

