[DEFAULT]
interv_d = 604800
interv_h = 43200
interv_m = 14400
fctnmt = cloud

[UPDATES]
last_update_d = 2025-11-15 20:11:08.058372
last_update_h = 2025-11-15 20:22:17.180823
last_update_m = 2025-11-15 16:45:30.355895
last_update_v = 2023-10-25 16:52:16.653504

