[DEFAULT]
interv_d = 604800
interv_h = 43200
interv_m = 14400
fctnmt = cloud

[UPDATES]
last_update_d = 2026-05-19 00:10:55.673925
last_update_h = 2026-05-19 00:22:15.743865
last_update_m = 2026-05-19 00:44:32.241337
last_update_v = 2023-10-25 16:52:16.653504

