[DEFAULT]
interv_d = 604800
interv_h = 43200
interv_m = 14400
fctnmt = cloud

[UPDATES]
last_update_d = 2024-07-06 00:10:21.864759
last_update_h = 2024-07-06 00:21:33.370220
last_update_m = 2024-07-05 20:43:29.700824
last_update_v = 2023-10-25 16:52:16.653504

