[DEFAULT]
interv_d = 604800
interv_h = 43200
interv_m = 14400
fctnmt = cloud

[UPDATES]
last_update_d = 2023-12-31 12:09:22.136512
last_update_h = 2023-12-31 12:19:29.443520
last_update_m = 2023-12-31 12:29:43.815034
last_update_v = 2023-10-25 16:52:16.653504

