[DEFAULT]
interv_d = 604800
interv_h = 43200
interv_m = 14400
fctnmt = cloud

[UPDATES]
last_update_d = 2024-03-09 04:10:17.537551
last_update_h = 2024-03-09 04:21:26.642390
last_update_m = 2024-03-09 00:44:11.542293
last_update_v = 2023-10-25 16:52:16.653504

