[DEFAULT]
interv_d = 604800
interv_h = 43200
interv_m = 14400
fctnmt = cloud

[UPDATES]
last_update_d = 2025-02-20 04:10:59.995765
last_update_h = 2025-02-20 04:22:15.486573
last_update_m = 2025-02-20 04:44:42.958825
last_update_v = 2023-10-25 16:52:16.653504

