[DEFAULT]
interv_d = 604800
interv_h = 43200
interv_m = 14400
fctnmt = cloud

[UPDATES]
last_update_d = 2025-06-11 04:12:08.749059
last_update_h = 2025-06-11 04:24:15.342795
last_update_m = 2025-06-11 04:47:59.755911
last_update_v = 2023-10-25 16:52:16.653504

