[DEFAULT]
interv_d = 604800
interv_h = 43200
interv_m = 14400
fctnmt = cloud

[UPDATES]
last_update_d = 2025-11-12 04:11:18.644547
last_update_h = 2025-11-12 04:22:47.169578
last_update_m = 2025-11-12 04:46:01.527042
last_update_v = 2023-10-25 16:52:16.653504

