[DEFAULT]
interv_d = 604800
interv_h = 43200
interv_m = 14400
fctnmt = cloud

[UPDATES]
last_update_d = 2025-02-28 00:10:51.788269
last_update_h = 2025-02-28 00:22:09.878240
last_update_m = 2025-02-27 20:44:17.292952
last_update_v = 2023-10-25 16:52:16.653504

