[DEFAULT]
interv_d = 604800
interv_h = 43200
interv_m = 14400
fctnmt = cloud

[UPDATES]
last_update_d = 2025-07-24 12:10:41.854788
last_update_h = 2025-07-24 12:21:32.284046
last_update_m = 2025-07-24 08:43:12.563720
last_update_v = 2023-10-25 16:52:16.653504

