[DEFAULT]
interv_d = 604800
interv_h = 43200
interv_m = 14400
fctnmt = cloud

[UPDATES]
last_update_d = 2025-04-20 16:11:27.587079
last_update_h = 2025-04-20 16:23:00.203397
last_update_m = 2025-04-20 16:45:50.870131
last_update_v = 2023-10-25 16:52:16.653504

