[DEFAULT]
interv_d = 604800
interv_h = 43200
interv_m = 14400
fctnmt = cloud

[UPDATES]
last_update_d = 2025-09-20 04:11:33.143657
last_update_h = 2025-09-20 04:22:38.871020
last_update_m = 2025-09-20 00:44:49.345895
last_update_v = 2023-10-25 16:52:16.653504

