[DEFAULT]
interv_d = 604800
interv_h = 43200
interv_m = 14400
fctnmt = cloud

[UPDATES]
last_update_d = 2024-02-16 04:09:50.451860
last_update_h = 2024-02-16 04:20:30.838264
last_update_m = 2024-02-16 04:41:53.766949
last_update_v = 2023-10-25 16:52:16.653504

