[DEFAULT]
interv_d = 604800
interv_h = 43200
interv_m = 14400
fctnmt = cloud

[UPDATES]
last_update_d = 2025-01-22 04:10:36.511384
last_update_h = 2025-01-22 04:21:36.067526
last_update_m = 2025-01-22 04:43:45.096020
last_update_v = 2023-10-25 16:52:16.653504

