[DEFAULT]
interv_d = 604800
interv_h = 43200
interv_m = 14400
fctnmt = cloud

[UPDATES]
last_update_d = 2024-10-21 16:10:02.275133
last_update_h = 2024-10-21 16:20:27.058522
last_update_m = 2024-10-21 12:41:00.965544
last_update_v = 2023-10-25 16:52:16.653504

