[DEFAULT]
interv_d = 604800
interv_h = 43200
interv_m = 14400
fctnmt = cloud

[UPDATES]
last_update_d = 2025-02-24 08:10:51.679304
last_update_h = 2025-02-24 08:22:03.608850
last_update_m = 2025-02-24 08:44:27.810543
last_update_v = 2023-10-25 16:52:16.653504

