[DEFAULT]
interv_d = 604800
interv_h = 43200
interv_m = 14400
fctnmt = cloud

[UPDATES]
last_update_d = 2026-01-24 16:10:50.727720
last_update_h = 2026-01-24 16:22:02.675807
last_update_m = 2026-01-24 12:44:06.147042
last_update_v = 2023-10-25 16:52:16.653504

