[DEFAULT]
interv_d = 604800
interv_h = 43200
interv_m = 14400
fctnmt = cloud

[UPDATES]
last_update_d = 2024-01-18 12:09:45.040037
last_update_h = 2024-01-18 12:20:20.423413
last_update_m = 2024-01-18 12:41:46.750938
last_update_v = 2023-10-25 16:52:16.653504

