[DEFAULT]
interv_d = 604800
interv_h = 43200
interv_m = 14400
fctnmt = cloud

[UPDATES]
last_update_d = 2025-11-05 00:11:31.557554
last_update_h = 2025-11-05 00:23:11.827675
last_update_m = 2025-11-05 00:46:12.276739
last_update_v = 2023-10-25 16:52:16.653504

