[DEFAULT]
interv_d = 604800
interv_h = 43200
interv_m = 14400
fctnmt = cloud

[UPDATES]
last_update_d = 2025-05-19 08:10:37.449577
last_update_h = 2025-05-19 08:21:27.457768
last_update_m = 2025-05-19 04:43:45.829852
last_update_v = 2023-10-25 16:52:16.653504

