[DEFAULT]
interv_d = 604800
interv_h = 43200
interv_m = 14400
fctnmt = cloud

[UPDATES]
last_update_d = 2025-10-22 08:10:46.767381
last_update_h = 2025-10-22 08:21:52.671214
last_update_m = 2025-10-22 04:43:50.443947
last_update_v = 2023-10-25 16:52:16.653504

