[DEFAULT]
interv_d = 604800
interv_h = 43200
interv_m = 14400
fctnmt = cloud

[UPDATES]
last_update_d = 2026-02-02 12:11:08.033556
last_update_h = 2026-02-02 12:22:13.438516
last_update_m = 2026-02-02 12:44:30.848219
last_update_v = 2023-10-25 16:52:16.653504

