[DEFAULT]
interv_d = 604800
interv_h = 43200
interv_m = 14400
fctnmt = cloud

[UPDATES]
last_update_d = 2025-12-04 20:10:55.161228
last_update_h = 2025-12-04 20:22:08.557742
last_update_m = 2025-12-04 16:44:03.753722
last_update_v = 2023-10-25 16:52:16.653504

