[DEFAULT]
interv_d = 604800
interv_h = 43200
interv_m = 14400
fctnmt = cloud

[UPDATES]
last_update_d = 2024-02-27 20:09:55.463267
last_update_h = 2024-02-27 20:20:39.363294
last_update_m = 2024-02-27 20:42:23.934758
last_update_v = 2023-10-25 16:52:16.653504

