[DEFAULT]
interv_d = 604800
interv_h = 43200
interv_m = 14400
fctnmt = cloud

[UPDATES]
last_update_d = 2026-07-11 20:11:11.851659
last_update_h = 2026-07-11 20:22:17.066684
last_update_m = 2026-07-11 20:44:34.122743
last_update_v = 2023-10-25 16:52:16.653504

