[DEFAULT]
interv_d = 604800
interv_h = 43200
interv_m = 14400
fctnmt = cloud

[UPDATES]
last_update_d = 2024-11-09 16:09:58.277658
last_update_h = 2024-11-09 16:20:14.188512
last_update_m = 2024-11-09 12:40:57.599229
last_update_v = 2023-10-25 16:52:16.653504

