[DEFAULT]
interv_d = 604800
interv_h = 43200
interv_m = 14400
fctnmt = cloud

[UPDATES]
last_update_d = 2024-01-07 04:09:33.423757
last_update_h = 2024-01-07 04:19:54.413642
last_update_m = 2024-01-07 00:40:54.661775
last_update_v = 2023-10-25 16:52:16.653504

