[DEFAULT]
interv_d = 604800
interv_h = 43200
interv_m = 14400
fctnmt = cloud

[UPDATES]
last_update_d = 2025-06-02 08:10:40.745790
last_update_h = 2025-06-02 08:21:37.435738
last_update_m = 2025-06-02 04:43:36.567688
last_update_v = 2023-10-25 16:52:16.653504

