[DEFAULT]
interv_d = 604800
interv_h = 43200
interv_m = 14400
fctnmt = cloud

[UPDATES]
last_update_d = 2024-11-01 20:09:51.685903
last_update_h = 2024-11-01 20:20:17.078710
last_update_m = 2024-11-01 20:40:58.443641
last_update_v = 2023-10-25 16:52:16.653504

