[DEFAULT]
interv_d = 604800
interv_h = 43200
interv_m = 14400
fctnmt = cloud

[UPDATES]
last_update_d = 2025-03-08 12:10:52.676716
last_update_h = 2025-03-08 12:21:57.869614
last_update_m = 2025-03-08 12:44:15.884101
last_update_v = 2023-10-25 16:52:16.653504

