[DEFAULT]
interv_d = 604800
interv_h = 43200
interv_m = 14400
fctnmt = cloud

[UPDATES]
last_update_d = 2024-02-18 16:09:43.136721
last_update_h = 2024-02-18 16:20:35.128877
last_update_m = 2024-02-18 16:42:04.015254
last_update_v = 2023-10-25 16:52:16.653504

