[DEFAULT]
interv_d = 604800
interv_h = 43200
interv_m = 14400
fctnmt = cloud

[UPDATES]
last_update_d = 2025-11-15 04:10:55.558840
last_update_h = 2025-11-15 04:22:05.971861
last_update_m = 2025-11-15 04:44:30.271831
last_update_v = 2023-10-25 16:52:16.653504

