[DEFAULT]
interv_d = 604800
interv_h = 43200
interv_m = 14400
fctnmt = cloud

[UPDATES]
last_update_d = 2025-12-23 12:10:55.134868
last_update_h = 2025-12-23 12:22:07.181945
last_update_m = 2025-12-23 08:44:34.680860
last_update_v = 2023-10-25 16:52:16.653504

