[DEFAULT]
interv_d = 604800
interv_h = 43200
interv_m = 14400
fctnmt = cloud

[UPDATES]
last_update_d = 2026-05-16 12:10:53.365788
last_update_h = 2026-05-16 12:21:45.430289
last_update_m = 2026-05-16 08:43:55.313776
last_update_v = 2023-10-25 16:52:16.653504

