[DEFAULT]
interv_d = 604800
interv_h = 43200
interv_m = 14400
fctnmt = cloud

[UPDATES]
last_update_d = 2026-06-24 00:11:02.860876
last_update_h = 2026-06-24 00:22:19.828088
last_update_m = 2026-06-23 20:43:42.413532
last_update_v = 2023-10-25 16:52:16.653504

