[DEFAULT]
interv_d = 604800
interv_h = 43200
interv_m = 14400
fctnmt = cloud

[UPDATES]
last_update_d = 2025-10-06 08:10:57.851760
last_update_h = 2025-10-06 08:22:08.485802
last_update_m = 2025-10-06 04:44:17.779277
last_update_v = 2023-10-25 16:52:16.653504

