[DEFAULT]
interv_d = 604800
interv_h = 43200
interv_m = 14400
fctnmt = cloud

[UPDATES]
last_update_d = 2025-07-20 00:10:44.048221
last_update_h = 2025-07-20 00:22:01.463013
last_update_m = 2025-07-20 00:43:56.455158
last_update_v = 2023-10-25 16:52:16.653504

