[DEFAULT]
interv_d = 604800
interv_h = 43200
interv_m = 14400
fctnmt = cloud

[UPDATES]
last_update_d = 2026-06-11 20:11:00.529848
last_update_h = 2026-06-11 20:22:01.864863
last_update_m = 2026-06-11 16:43:56.542855
last_update_v = 2023-10-25 16:52:16.653504

