[DEFAULT]
interv_d = 604800
interv_h = 43200
interv_m = 14400
fctnmt = cloud

[UPDATES]
last_update_d = 2025-09-01 20:11:03.072232
last_update_h = 2025-09-01 20:22:08.567428
last_update_m = 2025-09-01 20:44:22.249199
last_update_v = 2023-10-25 16:52:16.653504

