[DEFAULT]
interv_d = 604800
interv_h = 43200
interv_m = 14400
fctnmt = cloud

[UPDATES]
last_update_d = 2026-06-18 12:10:57.581699
last_update_h = 2026-06-18 12:22:04.156034
last_update_m = 2026-06-18 08:43:18.150238
last_update_v = 2023-10-25 16:52:16.653504

