[DEFAULT]
interv_d = 604800
interv_h = 43200
interv_m = 14400
fctnmt = cloud

[UPDATES]
last_update_d = 2024-12-21 16:10:46.557789
last_update_h = 2024-12-21 16:21:56.601458
last_update_m = 2024-12-21 16:44:04.069614
last_update_v = 2023-10-25 16:52:16.653504

