[DEFAULT]
interv_d = 604800
interv_h = 43200
interv_m = 14400
fctnmt = cloud

[UPDATES]
last_update_d = 2026-07-20 00:10:59.390524
last_update_h = 2026-07-20 00:22:26.025813
last_update_m = 2026-07-19 20:44:04.990047
last_update_v = 2023-10-25 16:52:16.653504

