[DEFAULT]
interv_d = 604800
interv_h = 43200
interv_m = 14400
fctnmt = cloud

[UPDATES]
last_update_d = 2026-07-06 20:10:51.451799
last_update_h = 2026-07-06 20:21:46.961152
last_update_m = 2026-07-06 20:44:22.046646
last_update_v = 2023-10-25 16:52:16.653504

