[DEFAULT]
interv_d = 604800
interv_h = 43200
interv_m = 14400
fctnmt = cloud

[UPDATES]
last_update_d = 2026-02-11 08:11:13.140808
last_update_h = 2026-02-11 08:22:26.878014
last_update_m = 2026-02-11 08:44:58.779698
last_update_v = 2023-10-25 16:52:16.653504

