[DEFAULT]
interv_d = 604800
interv_h = 43200
interv_m = 14400
fctnmt = cloud

[UPDATES]
last_update_d = 2024-08-03 00:10:16.322368
last_update_h = 2024-08-03 00:21:05.518457
last_update_m = 2024-08-02 20:43:16.561326
last_update_v = 2023-10-25 16:52:16.653504

