[DEFAULT]
interv_d = 604800
interv_h = 43200
interv_m = 14400
fctnmt = cloud

[UPDATES]
last_update_d = 2024-06-09 00:10:13.279084
last_update_h = 2024-06-09 00:21:30.206000
last_update_m = 2024-06-08 20:43:26.787253
last_update_v = 2023-10-25 16:52:16.653504

