[DEFAULT]
interv_d = 604800
interv_h = 43200
interv_m = 14400
fctnmt = cloud

[UPDATES]
last_update_d = 2026-02-09 16:11:03.631438
last_update_h = 2026-02-09 16:22:10.641474
last_update_m = 2026-02-09 12:43:55.239825
last_update_v = 2023-10-25 16:52:16.653504

