[DEFAULT]
interv_d = 604800
interv_h = 43200
interv_m = 14400
fctnmt = cloud

[UPDATES]
last_update_d = 2026-04-03 00:11:11.464303
last_update_h = 2026-04-03 00:22:36.214017
last_update_m = 2026-04-02 20:43:38.267871
last_update_v = 2023-10-25 16:52:16.653504

