[DEFAULT]
interv_d = 604800
interv_h = 43200
interv_m = 14400
fctnmt = cloud

[UPDATES]
last_update_d = 2024-07-25 12:10:02.751738
last_update_h = 2024-07-25 12:20:55.352584
last_update_m = 2024-07-25 12:42:18.034451
last_update_v = 2023-10-25 16:52:16.653504

