[DEFAULT]
interv_d = 604800
interv_h = 43200
interv_m = 14400
fctnmt = cloud

[UPDATES]
last_update_d = 2025-11-25 00:10:56.158740
last_update_h = 2025-11-25 00:22:19.536970
last_update_m = 2025-11-24 20:44:05.073987
last_update_v = 2023-10-25 16:52:16.653504

