[DEFAULT]
interv_d = 604800
interv_h = 43200
interv_m = 14400
fctnmt = cloud

[UPDATES]
last_update_d = 2025-09-18 04:10:44.060663
last_update_h = 2025-09-18 04:21:38.168446
last_update_m = 2025-09-18 04:43:22.640815
last_update_v = 2023-10-25 16:52:16.653504

