[DEFAULT]
interv_d = 604800
interv_h = 43200
interv_m = 14400
fctnmt = cloud

[UPDATES]
last_update_d = 2024-01-11 16:09:27.953565
last_update_h = 2024-01-11 16:19:52.185095
last_update_m = 2024-01-11 12:40:58.750621
last_update_v = 2023-10-25 16:52:16.653504

