[DEFAULT]
interv_d = 604800
interv_h = 43200
interv_m = 14400
fctnmt = cloud

[UPDATES]
last_update_d = 2026-06-01 16:10:50.252120
last_update_h = 2026-06-01 16:21:40.057935
last_update_m = 2026-06-01 12:43:41.064746
last_update_v = 2023-10-25 16:52:16.653504

