[DEFAULT]
interv_d = 604800
interv_h = 43200
interv_m = 14400
fctnmt = cloud

[UPDATES]
last_update_d = 2026-02-10 20:11:00.682343
last_update_h = 2026-02-10 20:22:11.656422
last_update_m = 2026-02-10 16:44:59.759875
last_update_v = 2023-10-25 16:52:16.653504

