[DEFAULT]
interv_d = 604800
interv_h = 43200
interv_m = 14400
fctnmt = cloud

[UPDATES]
last_update_d = 2026-07-02 16:11:01.125970
last_update_h = 2026-07-02 16:22:00.516555
last_update_m = 2026-07-02 16:44:19.039060
last_update_v = 2023-10-25 16:52:16.653504

