[DEFAULT]
interv_d = 604800
interv_h = 43200
interv_m = 14400
fctnmt = cloud

[UPDATES]
last_update_d = 2025-10-21 16:10:58.943270
last_update_h = 2025-10-21 16:22:06.358360
last_update_m = 2025-10-21 12:43:53.744684
last_update_v = 2023-10-25 16:52:16.653504

