[DEFAULT]
interv_d = 604800
interv_h = 43200
interv_m = 14400
fctnmt = cloud

[UPDATES]
last_update_d = 2026-06-16 12:11:02.534395
last_update_h = 2026-06-16 12:22:05.242449
last_update_m = 2026-06-16 12:44:12.847032
last_update_v = 2023-10-25 16:52:16.653504

