[DEFAULT]
interv_d = 604800
interv_h = 43200
interv_m = 14400
fctnmt = cloud

[UPDATES]
last_update_d = 2025-11-04 08:11:31.063849
last_update_h = 2025-11-04 08:23:23.386994
last_update_m = 2025-11-04 04:45:56.751114
last_update_v = 2023-10-25 16:52:16.653504

