[DEFAULT]
interv_d = 604800
interv_h = 43200
interv_m = 14400
fctnmt = cloud

[UPDATES]
last_update_d = 2026-04-27 16:10:56.437247
last_update_h = 2026-04-27 16:21:51.862490
last_update_m = 2026-04-27 12:43:45.248226
last_update_v = 2023-10-25 16:52:16.653504

