[DEFAULT]
interv_d = 604800
interv_h = 43200
interv_m = 14400
fctnmt = cloud

[UPDATES]
last_update_d = 2025-06-13 16:11:00.664904
last_update_h = 2025-06-13 16:22:47.939371
last_update_m = 2025-06-13 16:47:36.672309
last_update_v = 2023-10-25 16:52:16.653504

