[DEFAULT]
interv_d = 604800
interv_h = 43200
interv_m = 14400
fctnmt = cloud

[UPDATES]
last_update_d = 2026-03-12 12:10:55.757446
last_update_h = 2026-03-12 12:21:58.426099
last_update_m = 2026-03-12 08:44:16.835186
last_update_v = 2023-10-25 16:52:16.653504

