[DEFAULT]
interv_d = 604800
interv_h = 43200
interv_m = 14400
fctnmt = cloud

[UPDATES]
last_update_d = 2024-03-20 08:10:19.348851
last_update_h = 2024-03-20 08:21:38.555833
last_update_m = 2024-03-20 00:44:54.528608
last_update_v = 2023-10-25 16:52:16.653504

