[DEFAULT]
interv_d = 604800
interv_h = 43200
interv_m = 14400
fctnmt = cloud

[UPDATES]
last_update_d = 2025-08-02 04:10:43.342684
last_update_h = 2025-08-02 04:21:35.649254
last_update_m = 2025-08-02 00:43:45.044091
last_update_v = 2023-10-25 16:52:16.653504

