[DEFAULT]
interv_d = 604800
interv_h = 43200
interv_m = 14400
fctnmt = cloud

[UPDATES]
last_update_d = 2024-07-09 16:10:22.873797
last_update_h = 2024-07-09 16:21:41.478674
last_update_m = 2024-07-09 12:43:45.250318
last_update_v = 2023-10-25 16:52:16.653504

