[DEFAULT]
interv_d = 604800
interv_h = 43200
interv_m = 14400
fctnmt = cloud

[UPDATES]
last_update_d = 2026-03-14 12:10:55.541829
last_update_h = 2026-03-14 12:21:53.969111
last_update_m = 2026-03-14 08:43:44.268094
last_update_v = 2023-10-25 16:52:16.653504

