[DEFAULT]
interv_d = 604800
interv_h = 43200
interv_m = 14400
fctnmt = cloud

[UPDATES]
last_update_d = 2026-06-03 04:11:03.767298
last_update_h = 2026-06-03 04:21:58.631319
last_update_m = 2026-06-03 00:44:08.637244
last_update_v = 2023-10-25 16:52:16.653504

