[DEFAULT]
interv_d = 604800
interv_h = 43200
interv_m = 14400
fctnmt = cloud

[UPDATES]
last_update_d = 2026-01-05 04:10:55.980487
last_update_h = 2026-01-05 04:21:56.648997
last_update_m = 2026-01-05 04:44:10.368380
last_update_v = 2023-10-25 16:52:16.653504

