[DEFAULT]
interv_d = 604800
interv_h = 43200
interv_m = 14400
fctnmt = cloud

[UPDATES]
last_update_d = 2025-11-11 08:11:25.962454
last_update_h = 2025-11-11 08:22:55.576059
last_update_m = 2025-11-11 04:45:52.859422
last_update_v = 2023-10-25 16:52:16.653504

