[DEFAULT]
interv_d = 604800
interv_h = 43200
interv_m = 14400
fctnmt = cloud

[UPDATES]
last_update_d = 2025-12-20 08:10:55.783657
last_update_h = 2025-12-20 08:21:54.373245
last_update_m = 2025-12-20 04:44:23.279868
last_update_v = 2023-10-25 16:52:16.653504

