[DEFAULT]
interv_d = 604800
interv_h = 43200
interv_m = 14400
fctnmt = cloud

[UPDATES]
last_update_d = 2025-05-20 16:10:32.180251
last_update_h = 2025-05-20 16:21:28.137350
last_update_m = 2025-05-20 12:43:25.848954
last_update_v = 2023-10-25 16:52:16.653504

