[DEFAULT]
interv_d = 604800
interv_h = 43200
interv_m = 14400
fctnmt = cloud

[UPDATES]
last_update_d = 2025-03-20 12:10:57.579749
last_update_h = 2025-03-20 12:22:17.489939
last_update_m = 2025-03-20 12:44:39.386695
last_update_v = 2023-10-25 16:52:16.653504

