[DEFAULT]
interv_d = 604800
interv_h = 43200
interv_m = 14400
fctnmt = cloud

[UPDATES]
last_update_d = 2026-01-01 12:11:14.086950
last_update_h = 2026-01-01 12:22:30.543073
last_update_m = 2026-01-01 12:45:02.366452
last_update_v = 2023-10-25 16:52:16.653504

