[DEFAULT]
interv_d = 604800
interv_h = 43200
interv_m = 14400
fctnmt = cloud

[UPDATES]
last_update_d = 2025-02-25 16:10:55.604517
last_update_h = 2025-02-25 16:22:07.071875
last_update_m = 2025-02-25 16:44:33.396183
last_update_v = 2023-10-25 16:52:16.653504

