[DEFAULT]
interv_d = 604800
interv_h = 43200
interv_m = 14400
fctnmt = cloud

[UPDATES]
last_update_d = 2026-05-17 04:10:54.331339
last_update_h = 2026-05-17 04:21:53.063392
last_update_m = 2026-05-17 00:43:58.312738
last_update_v = 2023-10-25 16:52:16.653504

