[DEFAULT]
interv_d = 604800
interv_h = 43200
interv_m = 14400
fctnmt = cloud

[UPDATES]
last_update_d = 2026-06-23 16:10:48.164091
last_update_h = 2026-06-23 16:21:46.930675
last_update_m = 2026-06-23 16:44:14.584937
last_update_v = 2023-10-25 16:52:16.653504

