[DEFAULT]
interv_d = 604800
interv_h = 43200
interv_m = 14400
fctnmt = cloud

[UPDATES]
last_update_d = 2025-06-23 12:11:51.580428
last_update_h = 2025-06-23 12:24:36.159651
last_update_m = 2025-06-23 12:49:18.542174
last_update_v = 2023-10-25 16:52:16.653504

