[DEFAULT]
interv_d = 604800
interv_h = 43200
interv_m = 14400
fctnmt = cloud

[UPDATES]
last_update_d = 2024-12-22 00:10:49.765406
last_update_h = 2024-12-22 00:22:10.997112
last_update_m = 2024-12-22 00:44:23.556872
last_update_v = 2023-10-25 16:52:16.653504

