[DEFAULT]
interv_d = 604800
interv_h = 43200
interv_m = 14400
fctnmt = cloud

[UPDATES]
last_update_d = 2025-07-08 16:11:45.478254
last_update_h = 2025-07-08 16:23:27.749808
last_update_m = 2025-07-08 12:46:39.062954
last_update_v = 2023-10-25 16:52:16.653504

