[DEFAULT]
interv_d = 604800
interv_h = 43200
interv_m = 14400
fctnmt = cloud

[UPDATES]
last_update_d = 2024-09-19 04:10:48.867728
last_update_h = 2024-09-19 04:22:10.490371
last_update_m = 2024-09-19 04:44:56.386964
last_update_v = 2023-10-25 16:52:16.653504

