[DEFAULT]
interv_d = 604800
interv_h = 43200
interv_m = 14400
fctnmt = cloud

[UPDATES]
last_update_d = 2025-07-28 12:10:37.239851
last_update_h = 2025-07-28 12:21:36.074814
last_update_m = 2025-07-28 08:43:01.753677
last_update_v = 2023-10-25 16:52:16.653504

