[DEFAULT]
interv_d = 604800
interv_h = 43200
interv_m = 14400
fctnmt = cloud

[UPDATES]
last_update_d = 2024-09-15 16:10:37.678511
last_update_h = 2024-09-15 16:21:57.253522
last_update_m = 2024-09-15 12:44:21.159791
last_update_v = 2023-10-25 16:52:16.653504

