[DEFAULT]
interv_d = 604800
interv_h = 43200
interv_m = 14400
fctnmt = cloud

[UPDATES]
last_update_d = 2025-09-12 00:10:38.850608
last_update_h = 2025-09-12 00:21:54.269606
last_update_m = 2025-09-11 20:43:23.455434
last_update_v = 2023-10-25 16:52:16.653504

