[DEFAULT]
interv_d = 604800
interv_h = 43200
interv_m = 14400
fctnmt = cloud

[UPDATES]
last_update_d = 2025-06-18 16:10:43.880172
last_update_h = 2025-06-18 16:21:38.100770
last_update_m = 2025-06-18 12:43:54.841543
last_update_v = 2023-10-25 16:52:16.653504

