[DEFAULT]
interv_d = 604800
interv_h = 43200
interv_m = 14400
fctnmt = cloud

[UPDATES]
last_update_d = 2026-01-24 08:10:55.362446
last_update_h = 2026-01-24 08:21:59.547803
last_update_m = 2026-01-24 04:44:27.456698
last_update_v = 2023-10-25 16:52:16.653504

