[DEFAULT]
interv_d = 604800
interv_h = 43200
interv_m = 14400
fctnmt = cloud

[UPDATES]
last_update_d = 2025-06-22 00:12:17.228127
last_update_h = 2025-06-22 00:24:34.548639
last_update_m = 2025-06-21 20:49:20.870696
last_update_v = 2023-10-25 16:52:16.653504

