[DEFAULT]
interv_d = 604800
interv_h = 43200
interv_m = 14400
fctnmt = cloud

[UPDATES]
last_update_d = 2024-09-01 00:10:43.465609
last_update_h = 2024-09-01 00:22:09.261117
last_update_m = 2024-08-31 20:44:21.568436
last_update_v = 2023-10-25 16:52:16.653504

