[DEFAULT]
interv_d = 604800
interv_h = 43200
interv_m = 14400
fctnmt = cloud

[UPDATES]
last_update_d = 2025-08-02 16:10:41.958650
last_update_h = 2025-08-02 16:21:43.159014
last_update_m = 2025-08-02 16:43:33.376096
last_update_v = 2023-10-25 16:52:16.653504

