[DEFAULT]
interv_d = 604800
interv_h = 43200
interv_m = 14400
fctnmt = cloud

[UPDATES]
last_update_d = 2024-03-19 08:10:37.752800
last_update_h = 2024-03-19 08:22:06.132687
last_update_m = 2024-03-19 04:43:45.328310
last_update_v = 2023-10-25 16:52:16.653504

