[DEFAULT]
interv_d = 604800
interv_h = 43200
interv_m = 14400
fctnmt = cloud

[UPDATES]
last_update_d = 2024-10-20 04:09:54.398377
last_update_h = 2024-10-20 04:20:20.692144
last_update_m = 2024-10-20 00:41:14.494536
last_update_v = 2023-10-25 16:52:16.653504

