[DEFAULT]
interv_d = 604800
interv_h = 43200
interv_m = 14400
fctnmt = cloud

[UPDATES]
last_update_d = 2025-01-31 08:10:49.521584
last_update_h = 2025-01-31 08:21:43.196938
last_update_m = 2025-01-31 08:43:23.403528
last_update_v = 2023-10-25 16:52:16.653504

