[DEFAULT]
interv_d = 604800
interv_h = 43200
interv_m = 14400
fctnmt = cloud

[UPDATES]
last_update_d = 2024-07-23 04:10:03.050496
last_update_h = 2024-07-23 04:20:41.761738
last_update_m = 2024-07-23 04:42:01.139130
last_update_v = 2023-10-25 16:52:16.653504

