[DEFAULT]
interv_d = 604800
interv_h = 43200
interv_m = 14400
fctnmt = cloud

[UPDATES]
last_update_d = 2024-03-22 16:10:24.265765
last_update_h = 2024-03-22 16:21:30.133314
last_update_m = 2024-03-22 12:43:04.636522
last_update_v = 2023-10-25 16:52:16.653504

