[DEFAULT]
interv_d = 604800
interv_h = 43200
interv_m = 14400
fctnmt = cloud

[UPDATES]
last_update_d = 2025-12-12 20:11:09.074257
last_update_h = 2025-12-12 20:22:32.155372
last_update_m = 2025-12-12 16:44:49.543351
last_update_v = 2023-10-25 16:52:16.653504

