[DEFAULT]
interv_d = 604800
interv_h = 43200
interv_m = 14400
fctnmt = cloud

[UPDATES]
last_update_d = 2026-01-12 20:11:01.257677
last_update_h = 2026-01-12 20:21:59.584427
last_update_m = 2026-01-12 20:43:53.152567
last_update_v = 2023-10-25 16:52:16.653504

