[DEFAULT]
interv_d = 604800
interv_h = 43200
interv_m = 14400
fctnmt = cloud

[UPDATES]
last_update_d = 2024-02-04 16:09:46.841208
last_update_h = 2024-02-04 16:20:23.134419
last_update_m = 2024-02-04 16:41:43.066405
last_update_v = 2023-10-25 16:52:16.653504

