[DEFAULT]
interv_d = 604800
interv_h = 43200
interv_m = 14400
fctnmt = cloud

[UPDATES]
last_update_d = 2026-03-13 16:11:00.947289
last_update_h = 2026-03-13 16:21:59.026832
last_update_m = 2026-03-13 12:44:02.530968
last_update_v = 2023-10-25 16:52:16.653504

