[DEFAULT]
interv_d = 604800
interv_h = 43200
interv_m = 14400
fctnmt = cloud

[UPDATES]
last_update_d = 2025-02-04 08:10:47.406803
last_update_h = 2025-02-04 08:21:48.955539
last_update_m = 2025-02-04 04:43:49.377959
last_update_v = 2023-10-25 16:52:16.653504

