[DEFAULT]
interv_d = 604800
interv_h = 43200
interv_m = 14400
fctnmt = cloud

[UPDATES]
last_update_d = 2024-10-14 08:10:07.971742
last_update_h = 2024-10-14 08:20:33.794170
last_update_m = 2024-10-14 04:41:01.466248
last_update_v = 2023-10-25 16:52:16.653504

