[DEFAULT]
interv_d = 604800
interv_h = 43200
interv_m = 14400
fctnmt = cloud

[UPDATES]
last_update_d = 2024-09-25 20:10:32.177612
last_update_h = 2024-09-25 20:21:40.355580
last_update_m = 2024-09-25 20:43:58.198835
last_update_v = 2023-10-25 16:52:16.653504

