[DEFAULT]
interv_d = 604800
interv_h = 43200
interv_m = 14400
fctnmt = cloud

[UPDATES]
last_update_d = 2025-07-05 20:12:02.260647
last_update_h = 2025-07-05 20:24:08.756982
last_update_m = 2025-07-05 16:48:11.628285
last_update_v = 2023-10-25 16:52:16.653504

