[DEFAULT]
interv_d = 604800
interv_h = 43200
interv_m = 14400
fctnmt = cloud

[UPDATES]
last_update_d = 2025-01-01 20:10:47.304540
last_update_h = 2025-01-01 20:21:54.711061
last_update_m = 2025-01-01 16:44:16.502009
last_update_v = 2023-10-25 16:52:16.653504

