[DEFAULT]
interv_d = 604800
interv_h = 43200
interv_m = 14400
fctnmt = cloud

[UPDATES]
last_update_d = 2025-07-04 00:12:29.256893
last_update_h = 2025-07-04 00:25:06.848234
last_update_m = 2025-07-03 20:48:14.239476
last_update_v = 2023-10-25 16:52:16.653504

