[DEFAULT]
interv_d = 604800
interv_h = 43200
interv_m = 14400
fctnmt = cloud

[UPDATES]
last_update_d = 2024-06-09 16:10:22.977602
last_update_h = 2024-06-09 16:21:24.210515
last_update_m = 2024-06-09 16:43:24.720049
last_update_v = 2023-10-25 16:52:16.653504

