[DEFAULT]
interv_d = 604800
interv_h = 43200
interv_m = 14400
fctnmt = cloud

[UPDATES]
last_update_d = 2024-01-10 20:09:27.565356
last_update_h = 2024-01-10 20:19:46.038463
last_update_m = 2024-01-10 20:30:16.126051
last_update_v = 2023-10-25 16:52:16.653504

