[DEFAULT]
interv_d = 604800
interv_h = 43200
interv_m = 14400
fctnmt = cloud

[UPDATES]
last_update_d = 2024-11-30 00:10:28.386950
last_update_h = 2024-11-30 00:21:36.383588
last_update_m = 2024-11-30 00:43:24.166473
last_update_v = 2023-10-25 16:52:16.653504

