[DEFAULT]
interv_d = 604800
interv_h = 43200
interv_m = 14400
fctnmt = cloud

[UPDATES]
last_update_d = 2024-05-10 00:10:17.569110
last_update_h = 2024-05-10 00:21:31.966226
last_update_m = 2024-05-10 00:43:40.529881
last_update_v = 2023-10-25 16:52:16.653504

