[DEFAULT]
interv_d = 604800
interv_h = 43200
interv_m = 14400
fctnmt = cloud

[UPDATES]
last_update_d = 2024-12-08 00:10:43.656470
last_update_h = 2024-12-08 00:22:16.398084
last_update_m = 2024-12-07 20:43:47.398972
last_update_v = 2023-10-25 16:52:16.653504

