[DEFAULT]
interv_d = 604800
interv_h = 43200
interv_m = 14400
fctnmt = cloud

[UPDATES]
last_update_d = 2024-08-03 08:10:23.547109
last_update_h = 2024-08-03 08:21:16.445058
last_update_m = 2024-08-03 04:43:22.226245
last_update_v = 2023-10-25 16:52:16.653504

