[DEFAULT]
interv_d = 604800
interv_h = 43200
interv_m = 14400
fctnmt = cloud

[UPDATES]
last_update_d = 2024-10-01 04:10:11.156742
last_update_h = 2024-10-01 04:20:48.247447
last_update_m = 2024-10-01 00:41:24.980136
last_update_v = 2023-10-25 16:52:16.653504

