[DEFAULT]
interv_d = 604800
interv_h = 43200
interv_m = 14400
fctnmt = cloud

[UPDATES]
last_update_d = 2024-08-14 16:10:43.264563
last_update_h = 2024-08-14 16:22:03.930343
last_update_m = 2024-08-14 16:44:33.865939
last_update_v = 2023-10-25 16:52:16.653504

