[DEFAULT]
interv_d = 604800
interv_h = 43200
interv_m = 14400
fctnmt = cloud

[UPDATES]
last_update_d = 2026-03-05 00:10:53.832003
last_update_h = 2026-03-05 00:22:23.262006
last_update_m = 2026-03-05 00:44:15.860975
last_update_v = 2023-10-25 16:52:16.653504

