[DEFAULT]
interv_d = 604800
interv_h = 43200
interv_m = 14400
fctnmt = cloud

[UPDATES]
last_update_d = 2025-03-15 08:10:49.007532
last_update_h = 2025-03-15 08:21:58.777527
last_update_m = 2025-03-15 04:44:25.374315
last_update_v = 2023-10-25 16:52:16.653504

