[DEFAULT]
interv_d = 604800
interv_h = 43200
interv_m = 14400
fctnmt = cloud

[UPDATES]
last_update_d = 2025-09-13 16:10:44.278040
last_update_h = 2025-09-13 16:21:34.940511
last_update_m = 2025-09-13 12:43:47.453423
last_update_v = 2023-10-25 16:52:16.653504

