[DEFAULT]
interv_d = 604800
interv_h = 43200
interv_m = 14400
fctnmt = cloud

[UPDATES]
last_update_d = 2024-11-06 20:10:06.398206
last_update_h = 2024-11-06 20:20:24.769546
last_update_m = 2024-11-06 20:41:09.989227
last_update_v = 2023-10-25 16:52:16.653504

