[DEFAULT]
interv_d = 604800
interv_h = 43200
interv_m = 14400
fctnmt = cloud

[UPDATES]
last_update_d = 2026-06-01 00:10:47.203883
last_update_h = 2026-06-01 00:22:03.170046
last_update_m = 2026-05-31 20:44:13.042803
last_update_v = 2023-10-25 16:52:16.653504

