[DEFAULT]
interv_d = 604800
interv_h = 43200
interv_m = 14400
fctnmt = cloud

[UPDATES]
last_update_d = 2025-10-04 08:10:48.370772
last_update_h = 2025-10-04 08:21:51.746833
last_update_m = 2025-10-04 04:44:11.056884
last_update_v = 2023-10-25 16:52:16.653504

