[DEFAULT]
interv_d = 604800
interv_h = 43200
interv_m = 14400
fctnmt = cloud

[UPDATES]
last_update_d = 2025-12-19 04:11:02.269652
last_update_h = 2025-12-19 04:22:11.256207
last_update_m = 2025-12-19 04:44:34.970084
last_update_v = 2023-10-25 16:52:16.653504

