[DEFAULT]
interv_d = 604800
interv_h = 43200
interv_m = 14400
fctnmt = cloud

[UPDATES]
last_update_d = 2024-02-07 20:09:42.018301
last_update_h = 2024-02-07 20:20:32.545818
last_update_m = 2024-02-07 16:41:59.738597
last_update_v = 2023-10-25 16:52:16.653504

