[DEFAULT]
interv_d = 604800
interv_h = 43200
interv_m = 14400
fctnmt = cloud

[UPDATES]
last_update_d = 2023-10-30 17:57:12.427913
last_update_h = 2023-11-01 22:54:43.623440
last_update_m = 2023-11-02 00:52:43.125753
last_update_v = 2023-11-01 23:38:31.914944

