[DEFAULT]
interv_d = 604800
interv_h = 43200
interv_m = 14400
fctnmt = cloud

[UPDATES]
last_update_d = 2025-02-12 20:10:37.608054
last_update_h = 2025-02-12 20:21:34.999180
last_update_m = 2025-02-12 20:43:26.771324
last_update_v = 2023-10-25 16:52:16.653504

